0.000000000000000000e+00 0.000000000000000000e+00 0.000000000000000000e+00 0.000000000000000000e+00 0.000000000000000000e+00 0.000000000000000000e+00 0.000000000000000000e+00 0.000000000000000000e+00 0.000000000000000000e+00 0.000000000000000000e+00 0.000000000000000000e+00 0.000000000000000000e+00 0.000000000000000000e+00 0.000000000000000000e+00 0.000000000000000000e+00 0.000000000000000000e+00 0.000000000000000000e+00 0.000000000000000000e+00 0.000000000000000000e+00 0.000000000000000000e+00 0.000000000000000000e+00 0.000000000000000000e+00 0.000000000000000000e+00 0.000000000000000000e+00 0.000000000000000000e+00 0.000000000000000000e+00 0.000000000000000000e+00 0.000000000000000000e+00 0.000000000000000000e+00 0.000000000000000000e+00 0.000000000000000000e+00 0.000000000000000000e+00 0.000000000000000000e+00 0.000000000000000000e+00 0.000000000000000000e+00 0.000000000000000000e+00 0.000000000000000000e+00 0.000000000000000000e+00 0.000000000000000000e+00 0.000000000000000000e+00 0.000000000000000000e+00 0.000000000000000000e+00 0.000000000000000000e+00 0.000000000000000000e+00 0.000000000000000000e+00 0.000000000000000000e+00 0.000000000000000000e+00 0.000000000000000000e+00 0.000000000000000000e+00 0.000000000000000000e+00 0.000000000000000000e+00 0.000000000000000000e+00 0.000000000000000000e+00 0.000000000000000000e+00 0.000000000000000000e+00 0.000000000000000000e+00 0.000000000000000000e+00 0.000000000000000000e+00 0.000000000000000000e+00 0.000000000000000000e+00 0.000000000000000000e+00 0.000000000000000000e+00 0.000000000000000000e+00 0.000000000000000000e+00 0.000000000000000000e+00 0.000000000000000000e+00 0.000000000000000000e+00 0.000000000000000000e+00 0.000000000000000000e+00 0.000000000000000000e+00
0.000000000000000000e+00 0.000000000000000000e+00 0.000000000000000000e+00 0.000000000000000000e+00 0.000000000000000000e+00 0.000000000000000000e+00 0.000000000000000000e+00 0.000000000000000000e+00 0.000000000000000000e+00 0.000000000000000000e+00 0.000000000000000000e+00 0.000000000000000000e+00 0.000000000000000000e+00 0.000000000000000000e+00 0.000000000000000000e+00 0.000000000000000000e+00 0.000000000000000000e+00 0.000000000000000000e+00 0.000000000000000000e+00 0.000000000000000000e+00 0.000000000000000000e+00 0.000000000000000000e+00 0.000000000000000000e+00 0.000000000000000000e+00 0.000000000000000000e+00 0.000000000000000000e+00 0.000000000000000000e+00 0.000000000000000000e+00 0.000000000000000000e+00 0.000000000000000000e+00 0.000000000000000000e+00 0.000000000000000000e+00 0.000000000000000000e+00 0.000000000000000000e+00 0.000000000000000000e+00 0.000000000000000000e+00 0.000000000000000000e+00 0.000000000000000000e+00 0.000000000000000000e+00 0.000000000000000000e+00 0.000000000000000000e+00 0.000000000000000000e+00 0.000000000000000000e+00 0.000000000000000000e+00 0.000000000000000000e+00 0.000000000000000000e+00 0.000000000000000000e+00 0.000000000000000000e+00 0.000000000000000000e+00 0.000000000000000000e+00 0.000000000000000000e+00 0.000000000000000000e+00 0.000000000000000000e+00 0.000000000000000000e+00 0.000000000000000000e+00 0.000000000000000000e+00 0.000000000000000000e+00 0.000000000000000000e+00 0.000000000000000000e+00 0.000000000000000000e+00 0.000000000000000000e+00 0.000000000000000000e+00 0.000000000000000000e+00 0.000000000000000000e+00 0.000000000000000000e+00 0.000000000000000000e+00 0.000000000000000000e+00 0.000000000000000000e+00 0.000000000000000000e+00 0.000000000000000000e+00
0.000000000000000000e+00 0.000000000000000000e+00 0.000000000000000000e+00 0.000000000000000000e+00 0.000000000000000000e+00 0.000000000000000000e+00 0.000000000000000000e+00 0.000000000000000000e+00 0.000000000000000000e+00 0.000000000000000000e+00 0.000000000000000000e+00 0.000000000000000000e+00 0.000000000000000000e+00 0.000000000000000000e+00 0.000000000000000000e+00 0.000000000000000000e+00 0.000000000000000000e+00 0.000000000000000000e+00 0.000000000000000000e+00 0.000000000000000000e+00 0.000000000000000000e+00 0.000000000000000000e+00 0.000000000000000000e+00 0.000000000000000000e+00 0.000000000000000000e+00 0.000000000000000000e+00 0.000000000000000000e+00 0.000000000000000000e+00 0.000000000000000000e+00 0.000000000000000000e+00 0.000000000000000000e+00 0.000000000000000000e+00 0.000000000000000000e+00 0.000000000000000000e+00 0.000000000000000000e+00 0.000000000000000000e+00 0.000000000000000000e+00 0.000000000000000000e+00 0.000000000000000000e+00 0.000000000000000000e+00 0.000000000000000000e+00 0.000000000000000000e+00 0.000000000000000000e+00 0.000000000000000000e+00 0.000000000000000000e+00 0.000000000000000000e+00 0.000000000000000000e+00 0.000000000000000000e+00 0.000000000000000000e+00 0.000000000000000000e+00 0.000000000000000000e+00 0.000000000000000000e+00 0.000000000000000000e+00 0.000000000000000000e+00 0.000000000000000000e+00 0.000000000000000000e+00 0.000000000000000000e+00 0.000000000000000000e+00 0.000000000000000000e+00 0.000000000000000000e+00 0.000000000000000000e+00 0.000000000000000000e+00 0.000000000000000000e+00 0.000000000000000000e+00 0.000000000000000000e+00 0.000000000000000000e+00 0.000000000000000000e+00 0.000000000000000000e+00 0.000000000000000000e+00 0.000000000000000000e+00
0.000000000000000000e+00 0.000000000000000000e+00 0.000000000000000000e+00 3.950628758884636227e+01 3.615886833514689869e+01 2.805997983870967616e+01 6.884269662921349209e+01 5.142067988668556211e+01 0.000000000000000000e+00 2.225857142857143245e+01 0.000000000000000000e+00 4.837500000000000711e+01 0.000000000000000000e+00 0.000000000000000000e+00 3.928873239436619969e+01 9.270229007633588481e+01 3.683333333333331439e+01 9.939534883720929770e+01 1.041284153005464503e+02 1.015470588235294116e+02 1.205000000000000000e+02 0.000000000000000000e+00 1.171544502617800987e+02 1.204642857142857366e+02 8.049999999999992895e+01 0.000000000000000000e+00 0.000000000000000000e+00 0.000000000000000000e+00 6.299999999999997868e+01 8.598367952522255564e+01 0.000000000000000000e+00 0.000000000000000000e+00 7.931250000000005684e+01 0.000000000000000000e+00 0.000000000000000000e+00 8.149999999999991473e+01 0.000000000000000000e+00 0.000000000000000000e+00 0.000000000000000000e+00 0.000000000000000000e+00 0.000000000000000000e+00 0.000000000000000000e+00 0.000000000000000000e+00 8.437412587412588039e+01 6.099999999999997158e+01 4.908620689655172242e+01 1.640714285714285836e+02 5.216666666666668561e+01 1.393648648648648702e+02 1.697500000000000000e+02 0.000000000000000000e+00 0.000000000000000000e+00 5.648412698412698063e+01 5.012137203166226840e+01 0.000000000000000000e+00 1.010000000000000284e+02 0.000000000000000000e+00 5.633613445378151141e+01 6.649999999999998579e+01 0.000000000000000000e+00 6.958333333333332860e+01 6.883333333333332860e+01 0.000000000000000000e+00 0.000000000000000000e+00 0.000000000000000000e+00 0.000000000000000000e+00 0.000000000000000000e+00 0.000000000000000000e+00 1.350000000000001066e+01 8.482870370370370949e+01
0.000000000000000000e+00 0.000000000000000000e+00 0.000000000000000000e+00 3.615886833514689869e+01 1.437068965517241104e+01 2.296647230320698796e+01 8.471052631578947967e+01 2.218421052631578405e+01 0.000000000000000000e+00 2.929791666666666927e+01 2.574999999999997158e+01 1.961111111111110006e+01 0.000000000000000000e+00 0.000000000000000000e+00 7.456136820925553366e+01 8.111212121212122383e+01 8.895000000000000284e+01 1.414729729729730252e+02 1.425204081632653583e+02 9.493975903614457934e+01 0.000000000000000000e+00 1.900000000000003197e+01 1.079457364341084826e+02 1.422340425531914718e+02 9.376923076923077360e+01 0.000000000000000000e+00 1.306315789473684390e+02 0.000000000000000000e+00 1.161603773584905639e+02 6.097199341021416785e+01 5.166666666666665719e+01 0.000000000000000000e+00 6.085000000000000142e+01 0.000000000000000000e+00 0.000000000000000000e+00 6.803061224489793801e+01 1.082500000000000284e+02 8.600000000000000000e+01 0.000000000000000000e+00 0.000000000000000000e+00 0.000000000000000000e+00 0.000000000000000000e+00 0.000000000000000000e+00 1.490454545454545325e+02 0.000000000000000000e+00 1.005534351145038130e+02 1.014000000000000483e+02 0.000000000000000000e+00 9.102906976744185386e+01 0.000000000000000000e+00 0.000000000000000000e+00 0.000000000000000000e+00 0.000000000000000000e+00 1.021724137931034448e+02 1.659999999999999716e+02 1.056333333333333684e+02 0.000000000000000000e+00 8.743875278396436102e+01 6.862500000000001421e+01 0.000000000000000000e+00 6.300000000000000711e+01 8.349497487437186294e+01 0.000000000000000000e+00 0.000000000000000000e+00 0.000000000000000000e+00 0.000000000000000000e+00 0.000000000000000000e+00 0.000000000000000000e+00 0.000000000000000000e+00 9.438256227758007810e+01
0.000000000000000000e+00 0.000000000000000000e+00 0.000000000000000000e+00 2.805997983870967616e+01 2.296647230320698796e+01 1.013087248322147182e+01 1.094444444444445175e+01 1.123880597014925975e+01 0.000000000000000000e+00 5.449999999999999289e+01 0.000000000000000000e+00 9.833333333333310833e+00 0.000000000000000000e+00 0.000000000000000000e+00 4.517333333333334622e+01 1.855555555555554648e+01 0.000000000000000000e+00 0.000000000000000000e+00 0.000000000000000000e+00 0.000000000000000000e+00 0.000000000000000000e+00 0.000000000000000000e+00 6.246010638297873641e+01 0.000000000000000000e+00 6.950000000000005684e+01 0.000000000000000000e+00 0.000000000000000000e+00 0.000000000000000000e+00 0.000000000000000000e+00 1.190000000000001137e+02 0.000000000000000000e+00 0.000000000000000000e+00 0.000000000000000000e+00 0.000000000000000000e+00 0.000000000000000000e+00 0.000000000000000000e+00 0.000000000000000000e+00 0.000000000000000000e+00 0.000000000000000000e+00 0.000000000000000000e+00 0.000000000000000000e+00 0.000000000000000000e+00 0.000000000000000000e+00 0.000000000000000000e+00 0.000000000000000000e+00 0.000000000000000000e+00 0.000000000000000000e+00 0.000000000000000000e+00 4.250000000000001776e+00 0.000000000000000000e+00 0.000000000000000000e+00 0.000000000000000000e+00 0.000000000000000000e+00 0.000000000000000000e+00 4.950000000000004974e+01 0.000000000000000000e+00 0.000000000000000000e+00 0.000000000000000000e+00 0.000000000000000000e+00 0.000000000000000000e+00 0.000000000000000000e+00 0.000000000000000000e+00 0.000000000000000000e+00 0.000000000000000000e+00 0.000000000000000000e+00 0.000000000000000000e+00 0.000000000000000000e+00 0.000000000000000000e+00 0.000000000000000000e+00 0.000000000000000000e+00
0.000000000000000000e+00 0.000000000000000000e+00 0.000000000000000000e+00 6.884269662921349209e+01 8.471052631578947967e+01 1.094444444444445175e+01 2.838528678304239250e+01 1.901351351351351937e+01 0.000000000000000000e+00 0.000000000000000000e+00 1.299999999999997335e+01 1.065163934426229631e+01 0.000000000000000000e+00 0.000000000000000000e+00 8.464102564102564941e+01 1.291915887850467186e+02 9.559493670886075734e+01 1.445056179775280896e+02 1.458965517241379644e+02 1.349999999999998863e+02 0.000000000000000000e+00 0.000000000000000000e+00 7.126802218114599441e+01 2.282618025751073887e+01 9.210176991150441950e+01 0.000000000000000000e+00 1.263999999999999631e+02 0.000000000000000000e+00 7.556373937677054187e+01 3.700000000000000711e+01 0.000000000000000000e+00 0.000000000000000000e+00 0.000000000000000000e+00 0.000000000000000000e+00 0.000000000000000000e+00 0.000000000000000000e+00 0.000000000000000000e+00 0.000000000000000000e+00 7.464000000000002899e+01 6.962962962962959068e+01 0.000000000000000000e+00 0.000000000000000000e+00 0.000000000000000000e+00 2.415000000000000000e+02 1.264999999999999574e+02 0.000000000000000000e+00 4.349999999999998579e+01 1.290000000000000000e+02 2.597687861271676368e+01 0.000000000000000000e+00 1.075833333333332718e+02 0.000000000000000000e+00 7.142857142857138797e+01 1.678333333333333428e+02 9.550000000000007105e+01 0.000000000000000000e+00 0.000000000000000000e+00 8.717785234899326952e+01 0.000000000000000000e+00 0.000000000000000000e+00 9.899999999999997158e+01 9.759444444444444855e+01 0.000000000000000000e+00 0.000000000000000000e+00 0.000000000000000000e+00 0.000000000000000000e+00 0.000000000000000000e+00 0.000000000000000000e+00 0.000000000000000000e+00 1.100624999999999716e+02
0.000000000000000000e+00 0.000000000000000000e+00 0.000000000000000000e+00 5.142067988668556211e+01 2.218421052631578405e+01 1.123880597014925975e+01 1.901351351351351937e+01 8.187969924812030342e+00 0.000000000000000000e+00 1.038888888888886264e+01 8.568493150684926007e+00 8.721153846153841371e+00 0.000000000000000000e+00 0.000000000000000000e+00 7.385792349726777672e+01 1.215263157894736850e+02 8.609687499999999716e+01 1.487217391304348268e+02 1.483421052631579755e+02 0.000000000000000000e+00 0.000000000000000000e+00 0.000000000000000000e+00 8.654411764705882604e+01 1.140000000000000568e+02 7.984259259259259522e+01 0.000000000000000000e+00 1.145000000000000426e+02 0.000000000000000000e+00 7.520376712328769031e+01 4.275000000000002842e+01 0.000000000000000000e+00 0.000000000000000000e+00 0.000000000000000000e+00 0.000000000000000000e+00 0.000000000000000000e+00 0.000000000000000000e+00 0.000000000000000000e+00 0.000000000000000000e+00 7.709999999999999432e+01 0.000000000000000000e+00 0.000000000000000000e+00 0.000000000000000000e+00 0.000000000000000000e+00 3.085000000000000000e+02 0.000000000000000000e+00 0.000000000000000000e+00 0.000000000000000000e+00 8.383333333333332860e+01 0.000000000000000000e+00 0.000000000000000000e+00 1.045000000000000000e+02 0.000000000000000000e+00 0.000000000000000000e+00 2.870000000000000568e+02 0.000000000000000000e+00 0.000000000000000000e+00 0.000000000000000000e+00 8.840909090909090651e+01 0.000000000000000000e+00 0.000000000000000000e+00 7.850000000000007105e+01 1.794999999999997158e+02 0.000000000000000000e+00 0.000000000000000000e+00 0.000000000000000000e+00 0.000000000000000000e+00 0.000000000000000000e+00 0.000000000000000000e+00 0.000000000000000000e+00 1.447499999999999716e+02
0.000000000000000000e+00 0.000000000000000000e+00 0.000000000000000000e+00 0.000000000000000000e+00 0.000000000000000000e+00 0.000000000000000000e+00 0.000000000000000000e+00 0.000000000000000000e+00 0.000000000000000000e+00 0.000000000000000000e+00 0.000000000000000000e+00 0.000000000000000000e+00 0.000000000000000000e+00 0.000000000000000000e+00 0.000000000000000000e+00 0.000000000000000000e+00 0.000000000000000000e+00 0.000000000000000000e+00 0.000000000000000000e+00 0.000000000000000000e+00 0.000000000000000000e+00 0.000000000000000000e+00 0.000000000000000000e+00 0.000000000000000000e+00 0.000000000000000000e+00 0.000000000000000000e+00 0.000000000000000000e+00 0.000000000000000000e+00 0.000000000000000000e+00 0.000000000000000000e+00 0.000000000000000000e+00 0.000000000000000000e+00 0.000000000000000000e+00 0.000000000000000000e+00 0.000000000000000000e+00 0.000000000000000000e+00 0.000000000000000000e+00 0.000000000000000000e+00 0.000000000000000000e+00 0.000000000000000000e+00 0.000000000000000000e+00 0.000000000000000000e+00 0.000000000000000000e+00 0.000000000000000000e+00 0.000000000000000000e+00 0.000000000000000000e+00 0.000000000000000000e+00 0.000000000000000000e+00 0.000000000000000000e+00 0.000000000000000000e+00 0.000000000000000000e+00 0.000000000000000000e+00 0.000000000000000000e+00 0.000000000000000000e+00 0.000000000000000000e+00 0.000000000000000000e+00 0.000000000000000000e+00 0.000000000000000000e+00 0.000000000000000000e+00 0.000000000000000000e+00 0.000000000000000000e+00 0.000000000000000000e+00 0.000000000000000000e+00 0.000000000000000000e+00 0.000000000000000000e+00 0.000000000000000000e+00 0.000000000000000000e+00 0.000000000000000000e+00 0.000000000000000000e+00 0.000000000000000000e+00
0.000000000000000000e+00 0.000000000000000000e+00 0.000000000000000000e+00 2.225857142857143245e+01 2.929791666666666927e+01 5.449999999999999289e+01 0.000000000000000000e+00 1.038888888888886264e+01 0.000000000000000000e+00 1.549594594594594810e+01 1.212745098039215819e+01 0.000000000000000000e+00 0.000000000000000000e+00 0.000000000000000000e+00 9.887500000000004263e+01 1.030937499999999716e+02 0.000000000000000000e+00 1.616666666666667425e+02 0.000000000000000000e+00 1.099999999999999716e+02 0.000000000000000000e+00 0.000000000000000000e+00 0.000000000000000000e+00 0.000000000000000000e+00 1.496102362204725011e+02 0.000000000000000000e+00 0.000000000000000000e+00 0.000000000000000000e+00 0.000000000000000000e+00 5.604640883977900501e+01 0.000000000000000000e+00 0.000000000000000000e+00 7.249999999999998579e+01 0.000000000000000000e+00 0.000000000000000000e+00 4.385000000000000853e+01 3.900000000000004974e+01 0.000000000000000000e+00 0.000000000000000000e+00 0.000000000000000000e+00 0.000000000000000000e+00 0.000000000000000000e+00 0.000000000000000000e+00 7.446938775510204778e+01 8.750000000000007105e+01 3.069999999999999929e+01 0.000000000000000000e+00 0.000000000000000000e+00 0.000000000000000000e+00 1.429189189189189051e+02 8.450000000000009948e+01 3.267179487179487296e+01 6.498722044728434355e+01 7.667073170731707421e+01 0.000000000000000000e+00 1.157723911257189897e+01 1.448520710059172067e+01 4.558500000000000085e+01 2.711711711711711814e+01 1.314529914529914478e+01 4.609090909090909349e+01 9.025000000000005684e+01 0.000000000000000000e+00 0.000000000000000000e+00 0.000000000000000000e+00 0.000000000000000000e+00 0.000000000000000000e+00 0.000000000000000000e+00 0.000000000000000000e+00 8.488311688311685543e+01
0.000000000000000000e+00 0.000000000000000000e+00 0.000000000000000000e+00 0.000000000000000000e+00 2.574999999999997158e+01 0.000000000000000000e+00 1.299999999999997335e+01 8.568493150684926007e+00 0.000000000000000000e+00 1.212745098039215819e+01 5.512195121951218191e+00 0.000000000000000000e+00 0.000000000000000000e+00 0.000000000000000000e+00 0.000000000000000000e+00 0.000000000000000000e+00 0.000000000000000000e+00 0.000000000000000000e+00 0.000000000000000000e+00 0.000000000000000000e+00 0.000000000000000000e+00 0.000000000000000000e+00 0.000000000000000000e+00 1.966666666666666075e+01 0.000000000000000000e+00 0.000000000000000000e+00 0.000000000000000000e+00 0.000000000000000000e+00 0.000000000000000000e+00 1.855555555555556069e+01 0.000000000000000000e+00 0.000000000000000000e+00 0.000000000000000000e+00 0.000000000000000000e+00 0.000000000000000000e+00 0.000000000000000000e+00 0.000000000000000000e+00 0.000000000000000000e+00 0.000000000000000000e+00 0.000000000000000000e+00 0.000000000000000000e+00 0.000000000000000000e+00 0.000000000000000000e+00 0.000000000000000000e+00 0.000000000000000000e+00 0.000000000000000000e+00 0.000000000000000000e+00 0.000000000000000000e+00 5.450000000000002842e+01 0.000000000000000000e+00 0.000000000000000000e+00 0.000000000000000000e+00 0.000000000000000000e+00 0.000000000000000000e+00 2.705000000000001137e+01 1.595689655172414589e+01 0.000000000000000000e+00 0.000000000000000000e+00 0.000000000000000000e+00 0.000000000000000000e+00 0.000000000000000000e+00 0.000000000000000000e+00 0.000000000000000000e+00 0.000000000000000000e+00 0.000000000000000000e+00 0.000000000000000000e+00 0.000000000000000000e+00 0.000000000000000000e+00 0.000000000000000000e+00 0.000000000000000000e+00
0.000000000000000000e+00 0.000000000000000000e+00 0.000000000000000000e+00 4.837500000000000711e+01 1.961111111111110006e+01 9.833333333333310833e+00 1.065163934426229631e+01 8.721153846153841371e+00 0.000000000000000000e+00 0.000000000000000000e+00 0.000000000000000000e+00 6.946666666666660994e+00 0.000000000000000000e+00 0.000000000000000000e+00 0.000000000000000000e+00 1.814999999999999858e+01 0.000000000000000000e+00 0.000000000000000000e+00 0.000000000000000000e+00 0.000000000000000000e+00 0.000000000000000000e+00 0.000000000000000000e+00 5.436249999999997584e+01 0.000000000000000000e+00 0.000000000000000000e+00 0.000000000000000000e+00 0.000000000000000000e+00 0.000000000000000000e+00 0.000000000000000000e+00 7.716666666666667140e+01 0.000000000000000000e+00 0.000000000000000000e+00 0.000000000000000000e+00 0.000000000000000000e+00 0.000000000000000000e+00 0.000000000000000000e+00 0.000000000000000000e+00 0.000000000000000000e+00 0.000000000000000000e+00 0.000000000000000000e+00 0.000000000000000000e+00 0.000000000000000000e+00 0.000000000000000000e+00 2.502499999999999432e+02 1.174999999999999716e+02 0.000000000000000000e+00 3.563461538461538680e+01 0.000000000000000000e+00 9.024038461538463451e+00 2.950000000000003908e+01 0.000000000000000000e+00 0.000000000000000000e+00 0.000000000000000000e+00 2.552500000000000000e+02 4.300000000000010658e+01 0.000000000000000000e+00 0.000000000000000000e+00 8.150000000000007105e+01 0.000000000000000000e+00 0.000000000000000000e+00 8.950000000000002842e+01 1.127906976744186096e+02 0.000000000000000000e+00 0.000000000000000000e+00 0.000000000000000000e+00 0.000000000000000000e+00 0.000000000000000000e+00 0.000000000000000000e+00 0.000000000000000000e+00 0.000000000000000000e+00
0.000000000000000000e+00 0.000000000000000000e+00 0.000000000000000000e+00 0.000000000000000000e+00 0.000000000000000000e+00 0.000000000000000000e+00 0.000000000000000000e+00 0.000000000000000000e+00 0.000000000000000000e+00 0.000000000000000000e+00 0.000000000000000000e+00 0.000000000000000000e+00 0.000000000000000000e+00 0.000000000000000000e+00 0.000000000000000000e+00 0.000000000000000000e+00 0.000000000000000000e+00 0.000000000000000000e+00 0.000000000000000000e+00 0.000000000000000000e+00 0.000000000000000000e+00 0.000000000000000000e+00 0.000000000000000000e+00 0.000000000000000000e+00 0.000000000000000000e+00 0.000000000000000000e+00 0.000000000000000000e+00 0.000000000000000000e+00 0.000000000000000000e+00 0.000000000000000000e+00 0.000000000000000000e+00 0.000000000000000000e+00 0.000000000000000000e+00 0.000000000000000000e+00 0.000000000000000000e+00 0.000000000000000000e+00 0.000000000000000000e+00 0.000000000000000000e+00 0.000000000000000000e+00 0.000000000000000000e+00 0.000000000000000000e+00 0.000000000000000000e+00 0.000000000000000000e+00 0.000000000000000000e+00 0.000000000000000000e+00 0.000000000000000000e+00 0.000000000000000000e+00 0.000000000000000000e+00 0.000000000000000000e+00 0.000000000000000000e+00 0.000000000000000000e+00 0.000000000000000000e+00 0.000000000000000000e+00 0.000000000000000000e+00 0.000000000000000000e+00 0.000000000000000000e+00 0.000000000000000000e+00 0.000000000000000000e+00 0.000000000000000000e+00 0.000000000000000000e+00 0.000000000000000000e+00 0.000000000000000000e+00 0.000000000000000000e+00 0.000000000000000000e+00 0.000000000000000000e+00 0.000000000000000000e+00 0.000000000000000000e+00 0.000000000000000000e+00 0.000000000000000000e+00 0.000000000000000000e+00
0.000000000000000000e+00 0.000000000000000000e+00 0.000000000000000000e+00 0.000000000000000000e+00 0.000000000000000000e+00 0.000000000000000000e+00 0.000000000000000000e+00 0.000000000000000000e+00 0.000000000000000000e+00 0.000000000000000000e+00 0.000000000000000000e+00 0.000000000000000000e+00 0.000000000000000000e+00 0.000000000000000000e+00 0.000000000000000000e+00 0.000000000000000000e+00 0.000000000000000000e+00 0.000000000000000000e+00 0.000000000000000000e+00 0.000000000000000000e+00 0.000000000000000000e+00 0.000000000000000000e+00 0.000000000000000000e+00 0.000000000000000000e+00 0.000000000000000000e+00 0.000000000000000000e+00 0.000000000000000000e+00 0.000000000000000000e+00 0.000000000000000000e+00 0.000000000000000000e+00 0.000000000000000000e+00 0.000000000000000000e+00 0.000000000000000000e+00 0.000000000000000000e+00 0.000000000000000000e+00 0.000000000000000000e+00 0.000000000000000000e+00 0.000000000000000000e+00 0.000000000000000000e+00 0.000000000000000000e+00 0.000000000000000000e+00 0.000000000000000000e+00 0.000000000000000000e+00 0.000000000000000000e+00 0.000000000000000000e+00 0.000000000000000000e+00 0.000000000000000000e+00 0.000000000000000000e+00 0.000000000000000000e+00 0.000000000000000000e+00 0.000000000000000000e+00 0.000000000000000000e+00 0.000000000000000000e+00 0.000000000000000000e+00 0.000000000000000000e+00 0.000000000000000000e+00 0.000000000000000000e+00 0.000000000000000000e+00 0.000000000000000000e+00 0.000000000000000000e+00 0.000000000000000000e+00 0.000000000000000000e+00 0.000000000000000000e+00 0.000000000000000000e+00 0.000000000000000000e+00 0.000000000000000000e+00 0.000000000000000000e+00 0.000000000000000000e+00 0.000000000000000000e+00 0.000000000000000000e+00
0.000000000000000000e+00 0.000000000000000000e+00 0.000000000000000000e+00 3.928873239436619969e+01 7.456136820925553366e+01 4.517333333333334622e+01 8.464102564102564941e+01 7.385792349726777672e+01 0.000000000000000000e+00 9.887500000000004263e+01 0.000000000000000000e+00 0.000000000000000000e+00 0.000000000000000000e+00 0.000000000000000000e+00 2.185818181818181927e+01 2.809741060419235126e+01 2.182399425287356465e+01 1.355000000000001137e+02 0.000000000000000000e+00 3.220477386934673092e+01 0.000000000000000000e+00 4.159999999999998366e+00 6.875619834710747114e+01 1.088333333333333286e+02 9.949999999999992895e+01 0.000000000000000000e+00 0.000000000000000000e+00 0.000000000000000000e+00 7.700000000000007105e+01 8.612500000000002842e+01 0.000000000000000000e+00 0.000000000000000000e+00 0.000000000000000000e+00 0.000000000000000000e+00 0.000000000000000000e+00 0.000000000000000000e+00 0.000000000000000000e+00 0.000000000000000000e+00 1.139000000000000199e+02 1.230000000000000711e+02 0.000000000000000000e+00 0.000000000000000000e+00 0.000000000000000000e+00 5.020000000000000284e+01 0.000000000000000000e+00 0.000000000000000000e+00 0.000000000000000000e+00 8.856382978723405586e+01 1.656250000000001421e+01 0.000000000000000000e+00 0.000000000000000000e+00 0.000000000000000000e+00 0.000000000000000000e+00 4.581753554502369497e+01 1.960000000000001137e+02 7.965000000000000568e+01 0.000000000000000000e+00 5.642307692307691980e+01 0.000000000000000000e+00 0.000000000000000000e+00 2.180000000000000284e+02 7.316666666666667140e+01 0.000000000000000000e+00 0.000000000000000000e+00 0.000000000000000000e+00 0.000000000000000000e+00 0.000000000000000000e+00 0.000000000000000000e+00 3.485714285714286831e+01 5.379949238578679882e+01
0.000000000000000000e+00 0.000000000000000000e+00 0.000000000000000000e+00 9.270229007633588481e+01 8.111212121212122383e+01 1.855555555555554648e+01 1.291915887850467186e+02 1.215263157894736850e+02 0.000000000000000000e+00 1.030937499999999716e+02 0.000000000000000000e+00 1.814999999999999858e+01 0.000000000000000000e+00 0.000000000000000000e+00 2.809741060419235126e+01 2.593034825870644866e+01 2.475913242009132276e+01 3.549999999999998579e+01 1.873076923076922995e+01 3.096645161290322434e+01 3.033333333333333215e+01 2.345833333333333215e+01 6.914341957255344084e+01 1.301512500000000045e+02 9.282632488479262634e+01 0.000000000000000000e+00 7.079166666666661456e+01 1.178000000000000256e+02 7.973202614379084707e+01 6.578912466843500795e+01 4.662499999999995737e+01 0.000000000000000000e+00 5.223684210526317173e+01 0.000000000000000000e+00 0.000000000000000000e+00 5.479365079365079794e+01 5.819999999999998153e+01 0.000000000000000000e+00 7.275088339222617151e+01 9.474543080939952233e+01 0.000000000000000000e+00 0.000000000000000000e+00 1.287499999999999147e+02 0.000000000000000000e+00 0.000000000000000000e+00 8.549999999999998579e+01 0.000000000000000000e+00 1.096869983948635650e+02 8.121428571428569398e+01 1.045733333333333235e+02 6.362261146496815201e+01 1.386874999999999716e+02 1.101286982248520729e+02 9.425000000000000000e+01 0.000000000000000000e+00 6.192344497607655285e+01 0.000000000000000000e+00 6.300000000000001421e+01 0.000000000000000000e+00 0.000000000000000000e+00 7.999999999999998579e+01 8.123076923076925482e+01 0.000000000000000000e+00 0.000000000000000000e+00 0.000000000000000000e+00 0.000000000000000000e+00 0.000000000000000000e+00 0.000000000000000000e+00 5.843749999999998579e+01 9.697596153846153300e+01
0.000000000000000000e+00 0.000000000000000000e+00 0.000000000000000000e+00 3.683333333333331439e+01 8.895000000000000284e+01 0.000000000000000000e+00 9.559493670886075734e+01 8.609687499999999716e+01 0.000000000000000000e+00 0.000000000000000000e+00 0.000000000000000000e+00 0.000000000000000000e+00 0.000000000000000000e+00 0.000000000000000000e+00 2.182399425287356465e+01 2.475913242009132276e+01 1.977262693156733064e+01 7.344117647058823195e+01 1.307777777777777750e+01 4.874615384615383107e+01 0.000000000000000000e+00 4.911764705882344373e+00 4.107142857142859071e+01 9.248011363636364024e+01 1.104222972972972912e+02 0.000000000000000000e+00 0.000000000000000000e+00 0.000000000000000000e+00 0.000000000000000000e+00 0.000000000000000000e+00 0.000000000000000000e+00 0.000000000000000000e+00 0.000000000000000000e+00 0.000000000000000000e+00 0.000000000000000000e+00 0.000000000000000000e+00 0.000000000000000000e+00 0.000000000000000000e+00 0.000000000000000000e+00 0.000000000000000000e+00 0.000000000000000000e+00 0.000000000000000000e+00 0.000000000000000000e+00 0.000000000000000000e+00 0.000000000000000000e+00 0.000000000000000000e+00 0.000000000000000000e+00 8.957772727272728730e+01 3.999999999999996447e+00 0.000000000000000000e+00 0.000000000000000000e+00 0.000000000000000000e+00 0.000000000000000000e+00 0.000000000000000000e+00 0.000000000000000000e+00 0.000000000000000000e+00 0.000000000000000000e+00 2.031666666666666572e+02 0.000000000000000000e+00 0.000000000000000000e+00 0.000000000000000000e+00 0.000000000000000000e+00 0.000000000000000000e+00 0.000000000000000000e+00 0.000000000000000000e+00 0.000000000000000000e+00 0.000000000000000000e+00 0.000000000000000000e+00 0.000000000000000000e+00 3.160000000000000568e+02
0.000000000000000000e+00 0.000000000000000000e+00 0.000000000000000000e+00 9.939534883720929770e+01 1.414729729729730252e+02 0.000000000000000000e+00 1.445056179775280896e+02 1.487217391304348268e+02 0.000000000000000000e+00 1.616666666666667425e+02 0.000000000000000000e+00 0.000000000000000000e+00 0.000000000000000000e+00 0.000000000000000000e+00 1.355000000000001137e+02 3.549999999999998579e+01 7.344117647058823195e+01 1.390504451038575162e+01 8.582781456953645360e+00 5.760000000000002274e+01 2.338356164383560909e+01 5.671052631578948677e+00 5.231750794211082933e+01 9.534590163934427665e+01 6.099547218628719492e+01 0.000000000000000000e+00 5.886984536082472630e+01 6.374999999999996447e+01 5.670484848484850460e+01 5.081372549019607732e+01 0.000000000000000000e+00 0.000000000000000000e+00 0.000000000000000000e+00 1.799999999999999716e+02 0.000000000000000000e+00 0.000000000000000000e+00 0.000000000000000000e+00 0.000000000000000000e+00 5.755166051660520310e+01 1.366349206349206327e+02 0.000000000000000000e+00 0.000000000000000000e+00 0.000000000000000000e+00 1.395000000000000568e+02 0.000000000000000000e+00 9.117307692307691980e+01 0.000000000000000000e+00 1.065066445182724664e+02 1.987500000000000355e+01 8.570833333333337123e+01 7.740384615384613198e+01 1.736666666666666003e+02 1.392840909090909065e+02 1.045000000000000568e+02 7.871165644171779263e+01 4.048260869565218201e+01 0.000000000000000000e+00 9.609259259259262365e+01 7.350000000000009948e+01 0.000000000000000000e+00 1.114999999999999147e+02 8.000000000000002842e+01 5.906250000000000000e+01 4.087499999999998579e+01 2.160000000000001208e+01 0.000000000000000000e+00 0.000000000000000000e+00 0.000000000000000000e+00 0.000000000000000000e+00 1.057205882352941586e+02
0.000000000000000000e+00 0.000000000000000000e+00 0.000000000000000000e+00 1.041284153005464503e+02 1.425204081632653583e+02 0.000000000000000000e+00 1.458965517241379644e+02 1.483421052631579755e+02 0.000000000000000000e+00 0.000000000000000000e+00 0.000000000000000000e+00 0.000000000000000000e+00 0.000000000000000000e+00 0.000000000000000000e+00 0.000000000000000000e+00 1.873076923076922995e+01 1.307777777777777750e+01 8.582781456953645360e+00 1.336021505376344010e+01 3.715116279069766847e+01 1.251204819277107383e+01 1.615384615384614619e+01 5.647368421052631504e+01 1.670277777777777715e+02 6.343188010899182672e+01 0.000000000000000000e+00 5.700000000000007105e+01 0.000000000000000000e+00 6.496884164222873892e+01 4.839333333333333087e+01 0.000000000000000000e+00 0.000000000000000000e+00 0.000000000000000000e+00 0.000000000000000000e+00 0.000000000000000000e+00 0.000000000000000000e+00 0.000000000000000000e+00 0.000000000000000000e+00 6.656572164948455850e+01 7.666504854368935185e+01 0.000000000000000000e+00 0.000000000000000000e+00 0.000000000000000000e+00 0.000000000000000000e+00 0.000000000000000000e+00 1.027500000000000142e+02 0.000000000000000000e+00 0.000000000000000000e+00 0.000000000000000000e+00 0.000000000000000000e+00 0.000000000000000000e+00 0.000000000000000000e+00 1.414999999999999147e+02 0.000000000000000000e+00 7.349999999999978684e+01 4.355633802816902289e+01 8.250000000000005684e+01 1.061145833333333570e+02 0.000000000000000000e+00 0.000000000000000000e+00 0.000000000000000000e+00 9.650000000000001421e+01 0.000000000000000000e+00 0.000000000000000000e+00 0.000000000000000000e+00 0.000000000000000000e+00 0.000000000000000000e+00 0.000000000000000000e+00 0.000000000000000000e+00 1.195588235294117680e+02
0.000000000000000000e+00 0.000000000000000000e+00 0.000000000000000000e+00 1.015470588235294116e+02 9.493975903614457934e+01 0.000000000000000000e+00 1.349999999999998863e+02 0.000000000000000000e+00 0.000000000000000000e+00 1.099999999999999716e+02 0.000000000000000000e+00 0.000000000000000000e+00 0.000000000000000000e+00 0.000000000000000000e+00 3.220477386934673092e+01 3.096645161290322434e+01 4.874615384615383107e+01 5.760000000000002274e+01 3.715116279069766847e+01 2.363241678726483386e+01 1.453488372093023173e+01 0.000000000000000000e+00 0.000000000000000000e+00 8.224999999999998579e+01 0.000000000000000000e+00 1.909999999999999716e+02 0.000000000000000000e+00 0.000000000000000000e+00 0.000000000000000000e+00 5.542647058823530415e+01 0.000000000000000000e+00 0.000000000000000000e+00 0.000000000000000000e+00 0.000000000000000000e+00 0.000000000000000000e+00 0.000000000000000000e+00 0.000000000000000000e+00 0.000000000000000000e+00 0.000000000000000000e+00 0.000000000000000000e+00 0.000000000000000000e+00 0.000000000000000000e+00 0.000000000000000000e+00 9.370731707317071368e+01 0.000000000000000000e+00 7.925999999999997669e+01 0.000000000000000000e+00 1.173999999999999773e+02 0.000000000000000000e+00 0.000000000000000000e+00 0.000000000000000000e+00 2.944736842105263008e+01 0.000000000000000000e+00 8.067682926829267842e+01 0.000000000000000000e+00 2.212689173457508574e+01 1.991082802547770569e+01 5.303240740740740478e+01 0.000000000000000000e+00 0.000000000000000000e+00 4.753333333333334565e+01 7.014814814814815236e+01 0.000000000000000000e+00 0.000000000000000000e+00 0.000000000000000000e+00 0.000000000000000000e+00 0.000000000000000000e+00 0.000000000000000000e+00 0.000000000000000000e+00 9.308870967741935942e+01
0.000000000000000000e+00 0.000000000000000000e+00 0.000000000000000000e+00 1.205000000000000000e+02 0.000000000000000000e+00 0.000000000000000000e+00 0.000000000000000000e+00 0.000000000000000000e+00 0.000000000000000000e+00 0.000000000000000000e+00 0.000000000000000000e+00 0.000000000000000000e+00 0.000000000000000000e+00 0.000000000000000000e+00 0.000000000000000000e+00 3.033333333333333215e+01 0.000000000000000000e+00 2.338356164383560909e+01 1.251204819277107383e+01 1.453488372093023173e+01 8.340909090909086387e+00 2.476086956521738713e+01 7.486065573770487447e+01 1.228125000000000178e+01 0.000000000000000000e+00 0.000000000000000000e+00 0.000000000000000000e+00 0.000000000000000000e+00 0.000000000000000000e+00 1.219736842105262653e+01 0.000000000000000000e+00 0.000000000000000000e+00 0.000000000000000000e+00 0.000000000000000000e+00 0.000000000000000000e+00 0.000000000000000000e+00 0.000000000000000000e+00 0.000000000000000000e+00 0.000000000000000000e+00 0.000000000000000000e+00 0.000000000000000000e+00 0.000000000000000000e+00 0.000000000000000000e+00 0.000000000000000000e+00 0.000000000000000000e+00 9.850000000000004263e+01 0.000000000000000000e+00 0.000000000000000000e+00 5.003448275862069039e+01 0.000000000000000000e+00 0.000000000000000000e+00 0.000000000000000000e+00 0.000000000000000000e+00 0.000000000000000000e+00 3.250000000000002132e+01 1.324691358024691112e+01 4.549999999999996447e+01 1.038750000000000000e+02 0.000000000000000000e+00 0.000000000000000000e+00 0.000000000000000000e+00 0.000000000000000000e+00 0.000000000000000000e+00 0.000000000000000000e+00 0.000000000000000000e+00 0.000000000000000000e+00 0.000000000000000000e+00 0.000000000000000000e+00 0.000000000000000000e+00 1.167307692307692548e+02
0.000000000000000000e+00 0.000000000000000000e+00 0.000000000000000000e+00 0.000000000000000000e+00 1.900000000000003197e+01 0.000000000000000000e+00 0.000000000000000000e+00 0.000000000000000000e+00 0.000000000000000000e+00 0.000000000000000000e+00 0.000000000000000000e+00 0.000000000000000000e+00 0.000000000000000000e+00 0.000000000000000000e+00 4.159999999999998366e+00 2.345833333333333215e+01 4.911764705882344373e+00 5.671052631578948677e+00 1.615384615384614619e+01 0.000000000000000000e+00 2.476086956521738713e+01 4.249999999999996447e+00 4.524809160305341038e+01 2.808333333333330728e+01 0.000000000000000000e+00 0.000000000000000000e+00 0.000000000000000000e+00 0.000000000000000000e+00 0.000000000000000000e+00 6.492857142857143060e+01 0.000000000000000000e+00 0.000000000000000000e+00 0.000000000000000000e+00 0.000000000000000000e+00 0.000000000000000000e+00 0.000000000000000000e+00 0.000000000000000000e+00 0.000000000000000000e+00 0.000000000000000000e+00 0.000000000000000000e+00 0.000000000000000000e+00 0.000000000000000000e+00 0.000000000000000000e+00 0.000000000000000000e+00 0.000000000000000000e+00 0.000000000000000000e+00 0.000000000000000000e+00 0.000000000000000000e+00 7.073333333333337691e+00 0.000000000000000000e+00 2.350000000000001776e+01 0.000000000000000000e+00 0.000000000000000000e+00 0.000000000000000000e+00 2.600000000000000355e+01 5.178000000000000114e+01 0.000000000000000000e+00 0.000000000000000000e+00 0.000000000000000000e+00 0.000000000000000000e+00 0.000000000000000000e+00 0.000000000000000000e+00 0.000000000000000000e+00 0.000000000000000000e+00 0.000000000000000000e+00 0.000000000000000000e+00 0.000000000000000000e+00 0.000000000000000000e+00 0.000000000000000000e+00 0.000000000000000000e+00
