0.000000000000000000e+00 0.000000000000000000e+00 0.000000000000000000e+00 0.000000000000000000e+00 0.000000000000000000e+00 0.000000000000000000e+00 0.000000000000000000e+00 0.000000000000000000e+00 0.000000000000000000e+00 0.000000000000000000e+00 0.000000000000000000e+00 0.000000000000000000e+00 0.000000000000000000e+00 0.000000000000000000e+00 0.000000000000000000e+00 0.000000000000000000e+00 0.000000000000000000e+00 0.000000000000000000e+00 0.000000000000000000e+00 0.000000000000000000e+00 0.000000000000000000e+00 0.000000000000000000e+00 0.000000000000000000e+00 0.000000000000000000e+00 0.000000000000000000e+00 0.000000000000000000e+00 0.000000000000000000e+00 0.000000000000000000e+00 0.000000000000000000e+00 0.000000000000000000e+00 0.000000000000000000e+00 0.000000000000000000e+00 0.000000000000000000e+00 0.000000000000000000e+00 0.000000000000000000e+00 0.000000000000000000e+00 0.000000000000000000e+00 0.000000000000000000e+00 0.000000000000000000e+00 0.000000000000000000e+00 0.000000000000000000e+00 0.000000000000000000e+00 0.000000000000000000e+00 0.000000000000000000e+00 0.000000000000000000e+00 0.000000000000000000e+00 0.000000000000000000e+00 0.000000000000000000e+00 0.000000000000000000e+00 0.000000000000000000e+00 0.000000000000000000e+00 0.000000000000000000e+00 0.000000000000000000e+00 0.000000000000000000e+00 0.000000000000000000e+00 0.000000000000000000e+00 0.000000000000000000e+00 0.000000000000000000e+00 0.000000000000000000e+00 0.000000000000000000e+00 0.000000000000000000e+00 0.000000000000000000e+00 0.000000000000000000e+00 0.000000000000000000e+00 0.000000000000000000e+00 0.000000000000000000e+00 0.000000000000000000e+00 0.000000000000000000e+00 0.000000000000000000e+00 0.000000000000000000e+00
0.000000000000000000e+00 0.000000000000000000e+00 0.000000000000000000e+00 0.000000000000000000e+00 0.000000000000000000e+00 0.000000000000000000e+00 0.000000000000000000e+00 0.000000000000000000e+00 0.000000000000000000e+00 0.000000000000000000e+00 0.000000000000000000e+00 0.000000000000000000e+00 0.000000000000000000e+00 0.000000000000000000e+00 0.000000000000000000e+00 0.000000000000000000e+00 0.000000000000000000e+00 0.000000000000000000e+00 0.000000000000000000e+00 0.000000000000000000e+00 0.000000000000000000e+00 0.000000000000000000e+00 0.000000000000000000e+00 0.000000000000000000e+00 0.000000000000000000e+00 0.000000000000000000e+00 0.000000000000000000e+00 0.000000000000000000e+00 0.000000000000000000e+00 0.000000000000000000e+00 0.000000000000000000e+00 0.000000000000000000e+00 0.000000000000000000e+00 0.000000000000000000e+00 0.000000000000000000e+00 0.000000000000000000e+00 0.000000000000000000e+00 0.000000000000000000e+00 0.000000000000000000e+00 0.000000000000000000e+00 0.000000000000000000e+00 0.000000000000000000e+00 0.000000000000000000e+00 0.000000000000000000e+00 0.000000000000000000e+00 0.000000000000000000e+00 0.000000000000000000e+00 0.000000000000000000e+00 0.000000000000000000e+00 0.000000000000000000e+00 0.000000000000000000e+00 0.000000000000000000e+00 0.000000000000000000e+00 0.000000000000000000e+00 0.000000000000000000e+00 0.000000000000000000e+00 0.000000000000000000e+00 0.000000000000000000e+00 0.000000000000000000e+00 0.000000000000000000e+00 0.000000000000000000e+00 0.000000000000000000e+00 0.000000000000000000e+00 0.000000000000000000e+00 0.000000000000000000e+00 0.000000000000000000e+00 0.000000000000000000e+00 0.000000000000000000e+00 0.000000000000000000e+00 0.000000000000000000e+00
0.000000000000000000e+00 0.000000000000000000e+00 0.000000000000000000e+00 0.000000000000000000e+00 0.000000000000000000e+00 0.000000000000000000e+00 0.000000000000000000e+00 0.000000000000000000e+00 0.000000000000000000e+00 0.000000000000000000e+00 0.000000000000000000e+00 0.000000000000000000e+00 0.000000000000000000e+00 0.000000000000000000e+00 0.000000000000000000e+00 0.000000000000000000e+00 0.000000000000000000e+00 0.000000000000000000e+00 0.000000000000000000e+00 0.000000000000000000e+00 0.000000000000000000e+00 0.000000000000000000e+00 0.000000000000000000e+00 0.000000000000000000e+00 0.000000000000000000e+00 0.000000000000000000e+00 0.000000000000000000e+00 0.000000000000000000e+00 0.000000000000000000e+00 0.000000000000000000e+00 0.000000000000000000e+00 0.000000000000000000e+00 0.000000000000000000e+00 0.000000000000000000e+00 0.000000000000000000e+00 0.000000000000000000e+00 0.000000000000000000e+00 0.000000000000000000e+00 0.000000000000000000e+00 0.000000000000000000e+00 0.000000000000000000e+00 0.000000000000000000e+00 0.000000000000000000e+00 0.000000000000000000e+00 0.000000000000000000e+00 0.000000000000000000e+00 0.000000000000000000e+00 0.000000000000000000e+00 0.000000000000000000e+00 0.000000000000000000e+00 0.000000000000000000e+00 0.000000000000000000e+00 0.000000000000000000e+00 0.000000000000000000e+00 0.000000000000000000e+00 0.000000000000000000e+00 0.000000000000000000e+00 0.000000000000000000e+00 0.000000000000000000e+00 0.000000000000000000e+00 0.000000000000000000e+00 0.000000000000000000e+00 0.000000000000000000e+00 0.000000000000000000e+00 0.000000000000000000e+00 0.000000000000000000e+00 0.000000000000000000e+00 0.000000000000000000e+00 0.000000000000000000e+00 0.000000000000000000e+00
0.000000000000000000e+00 0.000000000000000000e+00 0.000000000000000000e+00 2.585608108108108283e+01 5.316521739130433843e+01 3.082754010695187219e+01 8.625426621160409013e+01 7.183814102564100779e+01 0.000000000000000000e+00 5.126142131979693772e+01 3.028846153846155431e+01 1.831147540983605637e+01 0.000000000000000000e+00 0.000000000000000000e+00 1.470000000000001705e+01 7.259944751381213734e+01 5.621875000000000000e+01 1.128888888888888857e+02 8.470833333333332860e+01 0.000000000000000000e+00 0.000000000000000000e+00 0.000000000000000000e+00 4.505120772946860086e+01 9.730000000000002558e+01 5.583333333333332149e+01 4.533333333333331439e+01 0.000000000000000000e+00 3.400000000000002132e+01 7.188793103448276156e+01 8.539135959339260751e+01 0.000000000000000000e+00 0.000000000000000000e+00 9.049999999999992895e+01 0.000000000000000000e+00 1.286666666666666288e+02 0.000000000000000000e+00 8.141111111111112564e+01 1.278333333333333286e+02 8.307170542635661548e+01 7.216153846153842721e+01 0.000000000000000000e+00 0.000000000000000000e+00 0.000000000000000000e+00 9.240102974828374727e+01 1.104999999999999432e+02 5.184112149532710134e+01 4.249999999999998579e+01 0.000000000000000000e+00 8.708333333333330373e+00 0.000000000000000000e+00 6.761538461538465583e+01 4.064285714285714590e+01 1.126371681415929231e+02 8.120322580645159860e+01 0.000000000000000000e+00 5.487704918032786594e+01 1.129999999999998721e+02 1.599242424242424576e+01 8.957199999999998852e+01 3.706076388888890705e+01 0.000000000000000000e+00 0.000000000000000000e+00 0.000000000000000000e+00 0.000000000000000000e+00 0.000000000000000000e+00 0.000000000000000000e+00 0.000000000000000000e+00 0.000000000000000000e+00 1.899999999999999645e+01 5.666360116166504213e+01
0.000000000000000000e+00 0.000000000000000000e+00 0.000000000000000000e+00 5.316521739130433843e+01 1.012500000000000178e+01 2.487264150943395435e+01 1.793656716417910246e+01 1.311111111111110539e+01 0.000000000000000000e+00 3.438079827400216004e+01 3.673529411764705799e+01 1.665972222222221433e+01 0.000000000000000000e+00 0.000000000000000000e+00 4.889583333333333570e+01 1.555189573459715575e+02 0.000000000000000000e+00 2.433333333333333925e+01 1.282352941176470722e+02 0.000000000000000000e+00 0.000000000000000000e+00 1.737499999999998934e+01 8.100764525993881193e+01 0.000000000000000000e+00 6.615729166666666572e+01 7.497499999999999432e+01 8.318749999999997158e+01 0.000000000000000000e+00 6.722222222222222854e+01 6.918617558022199887e+01 0.000000000000000000e+00 0.000000000000000000e+00 0.000000000000000000e+00 0.000000000000000000e+00 0.000000000000000000e+00 0.000000000000000000e+00 0.000000000000000000e+00 1.440000000000000284e+02 6.068493150684934534e+01 7.788127294981640603e+01 0.000000000000000000e+00 0.000000000000000000e+00 0.000000000000000000e+00 7.294448348559382111e+01 0.000000000000000000e+00 8.733720930232557578e+01 0.000000000000000000e+00 0.000000000000000000e+00 0.000000000000000000e+00 0.000000000000000000e+00 6.514516129032253389e+01 6.269841269841269593e+01 1.183474903474903499e+02 8.456999999999999318e+01 0.000000000000000000e+00 6.381595092024539895e+01 0.000000000000000000e+00 0.000000000000000000e+00 6.501831210191082278e+01 5.588888888888891415e+01 0.000000000000000000e+00 0.000000000000000000e+00 0.000000000000000000e+00 0.000000000000000000e+00 0.000000000000000000e+00 0.000000000000000000e+00 0.000000000000000000e+00 0.000000000000000000e+00 0.000000000000000000e+00 1.061666666666666714e+02
0.000000000000000000e+00 0.000000000000000000e+00 0.000000000000000000e+00 3.082754010695187219e+01 2.487264150943395435e+01 7.979057591623022638e+00 1.052500000000000426e+02 4.327027027027027373e+01 0.000000000000000000e+00 7.877777777777775725e+01 0.000000000000000000e+00 1.158108108108108070e+01 0.000000000000000000e+00 0.000000000000000000e+00 6.599999999999998579e+01 1.096136363636363455e+02 1.040624999999999716e+02 0.000000000000000000e+00 1.099642857142857082e+02 0.000000000000000000e+00 0.000000000000000000e+00 0.000000000000000000e+00 4.986144029170463909e+01 0.000000000000000000e+00 5.821428571428571530e+01 5.125000000000003553e+01 6.541304347826086030e+01 0.000000000000000000e+00 8.499999999999997158e+01 1.325199999999999534e+02 0.000000000000000000e+00 0.000000000000000000e+00 0.000000000000000000e+00 0.000000000000000000e+00 0.000000000000000000e+00 0.000000000000000000e+00 1.285000000000000568e+02 0.000000000000000000e+00 1.100029880478087705e+02 1.158158914728682163e+02 0.000000000000000000e+00 0.000000000000000000e+00 0.000000000000000000e+00 1.100000000000000000e+02 0.000000000000000000e+00 0.000000000000000000e+00 4.499999999999997868e+01 0.000000000000000000e+00 4.899999999999988809e+00 0.000000000000000000e+00 5.625000000000002842e+01 7.976923076923080203e+01 1.216907216494845301e+02 0.000000000000000000e+00 0.000000000000000000e+00 0.000000000000000000e+00 0.000000000000000000e+00 0.000000000000000000e+00 1.159999999999999289e+02 0.000000000000000000e+00 0.000000000000000000e+00 0.000000000000000000e+00 0.000000000000000000e+00 0.000000000000000000e+00 0.000000000000000000e+00 0.000000000000000000e+00 0.000000000000000000e+00 0.000000000000000000e+00 0.000000000000000000e+00 1.099999999999999574e+02
0.000000000000000000e+00 0.000000000000000000e+00 0.000000000000000000e+00 8.625426621160409013e+01 1.793656716417910246e+01 1.052500000000000426e+02 1.224539877300613711e+01 7.308593749999998224e+00 0.000000000000000000e+00 1.235000000000000426e+02 4.193333333333335133e+01 4.742424242424251979e+00 0.000000000000000000e+00 0.000000000000000000e+00 8.170000000000000284e+01 1.705357142857142776e+02 0.000000000000000000e+00 0.000000000000000000e+00 1.829999999999999147e+02 0.000000000000000000e+00 0.000000000000000000e+00 0.000000000000000000e+00 5.172095588235293917e+01 1.826760563380281965e+01 6.893114406779660897e+01 1.224999999999999432e+02 6.037499999999996447e+01 0.000000000000000000e+00 5.444812164579604996e+01 4.984459459459459651e+01 0.000000000000000000e+00 0.000000000000000000e+00 3.916666666666665009e+01 0.000000000000000000e+00 0.000000000000000000e+00 0.000000000000000000e+00 1.053742514970060142e+02 0.000000000000000000e+00 5.645925925925929079e+01 6.546074380165293860e+01 0.000000000000000000e+00 0.000000000000000000e+00 0.000000000000000000e+00 7.819813829787234738e+01 0.000000000000000000e+00 1.127113821138211165e+02 0.000000000000000000e+00 0.000000000000000000e+00 0.000000000000000000e+00 0.000000000000000000e+00 9.550000000000009948e+01 0.000000000000000000e+00 0.000000000000000000e+00 1.189051724137930677e+02 5.834742647058821774e+01 6.458333333333332860e+01 0.000000000000000000e+00 1.058571428571428612e+02 0.000000000000000000e+00 1.012500000000000853e+02 0.000000000000000000e+00 0.000000000000000000e+00 0.000000000000000000e+00 4.150000000000003553e+01 4.266666666666666430e+01 0.000000000000000000e+00 0.000000000000000000e+00 0.000000000000000000e+00 0.000000000000000000e+00 1.038682432432432421e+02
0.000000000000000000e+00 0.000000000000000000e+00 0.000000000000000000e+00 7.183814102564100779e+01 1.311111111111110539e+01 4.327027027027027373e+01 7.308593749999998224e+00 1.113385826771653342e+01 0.000000000000000000e+00 0.000000000000000000e+00 1.276548672566371501e+01 1.216666666666666963e+01 0.000000000000000000e+00 0.000000000000000000e+00 0.000000000000000000e+00 0.000000000000000000e+00 0.000000000000000000e+00 0.000000000000000000e+00 1.147826086956521578e+02 0.000000000000000000e+00 0.000000000000000000e+00 0.000000000000000000e+00 6.094339622641507503e+01 0.000000000000000000e+00 6.352097902097901994e+01 0.000000000000000000e+00 0.000000000000000000e+00 0.000000000000000000e+00 6.140280898876404336e+01 5.158558558558559071e+01 0.000000000000000000e+00 0.000000000000000000e+00 0.000000000000000000e+00 0.000000000000000000e+00 0.000000000000000000e+00 0.000000000000000000e+00 1.113965517241379644e+02 0.000000000000000000e+00 5.983958724202628332e+01 6.979752066115706555e+01 0.000000000000000000e+00 0.000000000000000000e+00 0.000000000000000000e+00 7.476041666666669983e+01 0.000000000000000000e+00 1.239999999999999716e+02 0.000000000000000000e+00 0.000000000000000000e+00 0.000000000000000000e+00 0.000000000000000000e+00 0.000000000000000000e+00 0.000000000000000000e+00 1.247000000000000028e+02 1.307499999999999432e+02 5.199999999999992895e+01 3.850000000000000000e+01 0.000000000000000000e+00 0.000000000000000000e+00 4.499999999999997868e+01 1.062500000000000284e+02 0.000000000000000000e+00 0.000000000000000000e+00 0.000000000000000000e+00 0.000000000000000000e+00 0.000000000000000000e+00 0.000000000000000000e+00 0.000000000000000000e+00 0.000000000000000000e+00 0.000000000000000000e+00 1.206666666666666288e+02
0.000000000000000000e+00 0.000000000000000000e+00 0.000000000000000000e+00 0.000000000000000000e+00 0.000000000000000000e+00 0.000000000000000000e+00 0.000000000000000000e+00 0.000000000000000000e+00 0.000000000000000000e+00 0.000000000000000000e+00 0.000000000000000000e+00 0.000000000000000000e+00 0.000000000000000000e+00 0.000000000000000000e+00 0.000000000000000000e+00 0.000000000000000000e+00 0.000000000000000000e+00 0.000000000000000000e+00 0.000000000000000000e+00 0.000000000000000000e+00 0.000000000000000000e+00 0.000000000000000000e+00 0.000000000000000000e+00 0.000000000000000000e+00 0.000000000000000000e+00 0.000000000000000000e+00 0.000000000000000000e+00 0.000000000000000000e+00 0.000000000000000000e+00 0.000000000000000000e+00 0.000000000000000000e+00 0.000000000000000000e+00 0.000000000000000000e+00 0.000000000000000000e+00 0.000000000000000000e+00 0.000000000000000000e+00 0.000000000000000000e+00 0.000000000000000000e+00 0.000000000000000000e+00 0.000000000000000000e+00 0.000000000000000000e+00 0.000000000000000000e+00 0.000000000000000000e+00 0.000000000000000000e+00 0.000000000000000000e+00 0.000000000000000000e+00 0.000000000000000000e+00 0.000000000000000000e+00 0.000000000000000000e+00 0.000000000000000000e+00 0.000000000000000000e+00 0.000000000000000000e+00 0.000000000000000000e+00 0.000000000000000000e+00 0.000000000000000000e+00 0.000000000000000000e+00 0.000000000000000000e+00 0.000000000000000000e+00 0.000000000000000000e+00 0.000000000000000000e+00 0.000000000000000000e+00 0.000000000000000000e+00 0.000000000000000000e+00 0.000000000000000000e+00 0.000000000000000000e+00 0.000000000000000000e+00 0.000000000000000000e+00 0.000000000000000000e+00 0.000000000000000000e+00 0.000000000000000000e+00
0.000000000000000000e+00 0.000000000000000000e+00 0.000000000000000000e+00 5.126142131979693772e+01 3.438079827400216004e+01 7.877777777777775725e+01 1.235000000000000426e+02 0.000000000000000000e+00 0.000000000000000000e+00 1.259726443768997228e+01 1.056779661016949134e+01 0.000000000000000000e+00 0.000000000000000000e+00 0.000000000000000000e+00 0.000000000000000000e+00 7.138888888888888573e+01 0.000000000000000000e+00 0.000000000000000000e+00 1.609999999999999432e+02 0.000000000000000000e+00 0.000000000000000000e+00 0.000000000000000000e+00 8.737500000000000000e+01 0.000000000000000000e+00 0.000000000000000000e+00 0.000000000000000000e+00 0.000000000000000000e+00 0.000000000000000000e+00 0.000000000000000000e+00 4.909027777777777857e+01 0.000000000000000000e+00 0.000000000000000000e+00 0.000000000000000000e+00 0.000000000000000000e+00 0.000000000000000000e+00 0.000000000000000000e+00 0.000000000000000000e+00 0.000000000000000000e+00 1.367499999999998863e+02 1.009583333333333002e+02 0.000000000000000000e+00 0.000000000000000000e+00 0.000000000000000000e+00 1.021562500000000000e+02 0.000000000000000000e+00 7.168604651162790731e+01 0.000000000000000000e+00 0.000000000000000000e+00 0.000000000000000000e+00 0.000000000000000000e+00 0.000000000000000000e+00 2.059999999999999432e+01 0.000000000000000000e+00 8.178571428571424917e+01 0.000000000000000000e+00 2.151164725457570626e+01 1.162500000000000533e+01 3.533333333333333570e+01 3.194957983193278039e+01 1.364646464646464885e+01 0.000000000000000000e+00 0.000000000000000000e+00 0.000000000000000000e+00 0.000000000000000000e+00 0.000000000000000000e+00 0.000000000000000000e+00 0.000000000000000000e+00 0.000000000000000000e+00 0.000000000000000000e+00 0.000000000000000000e+00
0.000000000000000000e+00 0.000000000000000000e+00 0.000000000000000000e+00 3.028846153846155431e+01 3.673529411764705799e+01 0.000000000000000000e+00 4.193333333333335133e+01 1.276548672566371501e+01 0.000000000000000000e+00 1.056779661016949134e+01 6.270833333333338366e+00 0.000000000000000000e+00 0.000000000000000000e+00 0.000000000000000000e+00 0.000000000000000000e+00 0.000000000000000000e+00 0.000000000000000000e+00 0.000000000000000000e+00 0.000000000000000000e+00 0.000000000000000000e+00 0.000000000000000000e+00 0.000000000000000000e+00 7.084951456310679418e+01 2.950000000000002132e+01 0.000000000000000000e+00 0.000000000000000000e+00 0.000000000000000000e+00 0.000000000000000000e+00 0.000000000000000000e+00 2.796031746031745868e+01 0.000000000000000000e+00 0.000000000000000000e+00 0.000000000000000000e+00 0.000000000000000000e+00 0.000000000000000000e+00 0.000000000000000000e+00 0.000000000000000000e+00 0.000000000000000000e+00 0.000000000000000000e+00 0.000000000000000000e+00 0.000000000000000000e+00 0.000000000000000000e+00 0.000000000000000000e+00 0.000000000000000000e+00 0.000000000000000000e+00 0.000000000000000000e+00 6.100000000000006395e+01 0.000000000000000000e+00 0.000000000000000000e+00 0.000000000000000000e+00 0.000000000000000000e+00 0.000000000000000000e+00 0.000000000000000000e+00 0.000000000000000000e+00 6.619444444444442865e+01 1.987500000000000000e+01 0.000000000000000000e+00 0.000000000000000000e+00 0.000000000000000000e+00 0.000000000000000000e+00 0.000000000000000000e+00 0.000000000000000000e+00 0.000000000000000000e+00 0.000000000000000000e+00 0.000000000000000000e+00 0.000000000000000000e+00 0.000000000000000000e+00 0.000000000000000000e+00 0.000000000000000000e+00 0.000000000000000000e+00
0.000000000000000000e+00 0.000000000000000000e+00 0.000000000000000000e+00 1.831147540983605637e+01 1.665972222222221433e+01 1.158108108108108070e+01 4.742424242424251979e+00 1.216666666666666963e+01 0.000000000000000000e+00 0.000000000000000000e+00 0.000000000000000000e+00 3.978260869565213742e+00 0.000000000000000000e+00 0.000000000000000000e+00 0.000000000000000000e+00 0.000000000000000000e+00 0.000000000000000000e+00 0.000000000000000000e+00 0.000000000000000000e+00 0.000000000000000000e+00 0.000000000000000000e+00 0.000000000000000000e+00 4.122727272727272663e+01 3.650000000000000000e+01 1.159999999999999432e+02 0.000000000000000000e+00 0.000000000000000000e+00 0.000000000000000000e+00 0.000000000000000000e+00 0.000000000000000000e+00 0.000000000000000000e+00 0.000000000000000000e+00 0.000000000000000000e+00 0.000000000000000000e+00 0.000000000000000000e+00 0.000000000000000000e+00 0.000000000000000000e+00 0.000000000000000000e+00 0.000000000000000000e+00 0.000000000000000000e+00 0.000000000000000000e+00 0.000000000000000000e+00 0.000000000000000000e+00 0.000000000000000000e+00 0.000000000000000000e+00 0.000000000000000000e+00 3.849999999999996447e+01 0.000000000000000000e+00 5.153061224489788650e+00 0.000000000000000000e+00 0.000000000000000000e+00 0.000000000000000000e+00 0.000000000000000000e+00 0.000000000000000000e+00 3.499999999999986233e+00 0.000000000000000000e+00 0.000000000000000000e+00 0.000000000000000000e+00 0.000000000000000000e+00 0.000000000000000000e+00 0.000000000000000000e+00 0.000000000000000000e+00 0.000000000000000000e+00 0.000000000000000000e+00 0.000000000000000000e+00 0.000000000000000000e+00 0.000000000000000000e+00 0.000000000000000000e+00 0.000000000000000000e+00 0.000000000000000000e+00
0.000000000000000000e+00 0.000000000000000000e+00 0.000000000000000000e+00 0.000000000000000000e+00 0.000000000000000000e+00 0.000000000000000000e+00 0.000000000000000000e+00 0.000000000000000000e+00 0.000000000000000000e+00 0.000000000000000000e+00 0.000000000000000000e+00 0.000000000000000000e+00 0.000000000000000000e+00 0.000000000000000000e+00 0.000000000000000000e+00 0.000000000000000000e+00 0.000000000000000000e+00 0.000000000000000000e+00 0.000000000000000000e+00 0.000000000000000000e+00 0.000000000000000000e+00 0.000000000000000000e+00 0.000000000000000000e+00 0.000000000000000000e+00 0.000000000000000000e+00 0.000000000000000000e+00 0.000000000000000000e+00 0.000000000000000000e+00 0.000000000000000000e+00 0.000000000000000000e+00 0.000000000000000000e+00 0.000000000000000000e+00 0.000000000000000000e+00 0.000000000000000000e+00 0.000000000000000000e+00 0.000000000000000000e+00 0.000000000000000000e+00 0.000000000000000000e+00 0.000000000000000000e+00 0.000000000000000000e+00 0.000000000000000000e+00 0.000000000000000000e+00 0.000000000000000000e+00 0.000000000000000000e+00 0.000000000000000000e+00 0.000000000000000000e+00 0.000000000000000000e+00 0.000000000000000000e+00 0.000000000000000000e+00 0.000000000000000000e+00 0.000000000000000000e+00 0.000000000000000000e+00 0.000000000000000000e+00 0.000000000000000000e+00 0.000000000000000000e+00 0.000000000000000000e+00 0.000000000000000000e+00 0.000000000000000000e+00 0.000000000000000000e+00 0.000000000000000000e+00 0.000000000000000000e+00 0.000000000000000000e+00 0.000000000000000000e+00 0.000000000000000000e+00 0.000000000000000000e+00 0.000000000000000000e+00 0.000000000000000000e+00 0.000000000000000000e+00 0.000000000000000000e+00 0.000000000000000000e+00
0.000000000000000000e+00 0.000000000000000000e+00 0.000000000000000000e+00 0.000000000000000000e+00 0.000000000000000000e+00 0.000000000000000000e+00 0.000000000000000000e+00 0.000000000000000000e+00 0.000000000000000000e+00 0.000000000000000000e+00 0.000000000000000000e+00 0.000000000000000000e+00 0.000000000000000000e+00 0.000000000000000000e+00 0.000000000000000000e+00 0.000000000000000000e+00 0.000000000000000000e+00 0.000000000000000000e+00 0.000000000000000000e+00 0.000000000000000000e+00 0.000000000000000000e+00 0.000000000000000000e+00 0.000000000000000000e+00 0.000000000000000000e+00 0.000000000000000000e+00 0.000000000000000000e+00 0.000000000000000000e+00 0.000000000000000000e+00 0.000000000000000000e+00 0.000000000000000000e+00 0.000000000000000000e+00 0.000000000000000000e+00 0.000000000000000000e+00 0.000000000000000000e+00 0.000000000000000000e+00 0.000000000000000000e+00 0.000000000000000000e+00 0.000000000000000000e+00 0.000000000000000000e+00 0.000000000000000000e+00 0.000000000000000000e+00 0.000000000000000000e+00 0.000000000000000000e+00 0.000000000000000000e+00 0.000000000000000000e+00 0.000000000000000000e+00 0.000000000000000000e+00 0.000000000000000000e+00 0.000000000000000000e+00 0.000000000000000000e+00 0.000000000000000000e+00 0.000000000000000000e+00 0.000000000000000000e+00 0.000000000000000000e+00 0.000000000000000000e+00 0.000000000000000000e+00 0.000000000000000000e+00 0.000000000000000000e+00 0.000000000000000000e+00 0.000000000000000000e+00 0.000000000000000000e+00 0.000000000000000000e+00 0.000000000000000000e+00 0.000000000000000000e+00 0.000000000000000000e+00 0.000000000000000000e+00 0.000000000000000000e+00 0.000000000000000000e+00 0.000000000000000000e+00 0.000000000000000000e+00
0.000000000000000000e+00 0.000000000000000000e+00 0.000000000000000000e+00 1.470000000000001705e+01 4.889583333333333570e+01 6.599999999999998579e+01 8.170000000000000284e+01 0.000000000000000000e+00 0.000000000000000000e+00 0.000000000000000000e+00 0.000000000000000000e+00 0.000000000000000000e+00 0.000000000000000000e+00 0.000000000000000000e+00 1.474093264248704749e+01 3.483687943262411579e+01 2.037444933920704671e+01 2.517857142857143415e+01 4.620851063829786654e+01 2.673200000000000287e+01 0.000000000000000000e+00 1.701886792452830477e+01 5.638712241653418289e+01 0.000000000000000000e+00 0.000000000000000000e+00 5.974999999999994316e+01 6.037499999999997158e+01 4.400000000000000711e+01 5.168971061093250086e+01 9.810569105691057246e+01 0.000000000000000000e+00 0.000000000000000000e+00 2.080000000000000568e+02 0.000000000000000000e+00 0.000000000000000000e+00 0.000000000000000000e+00 0.000000000000000000e+00 0.000000000000000000e+00 8.954320987654321584e+01 0.000000000000000000e+00 0.000000000000000000e+00 0.000000000000000000e+00 0.000000000000000000e+00 6.040993788819875476e+01 0.000000000000000000e+00 4.512068965517239860e+01 5.850000000000002132e+01 0.000000000000000000e+00 1.409999999999999609e+01 0.000000000000000000e+00 8.000000000000001421e+01 0.000000000000000000e+00 0.000000000000000000e+00 5.314420062695924685e+01 0.000000000000000000e+00 6.224725274725275881e+01 2.972222222222222143e+01 9.125000000000002842e+01 9.423076923076922640e+01 1.605000000000000853e+02 1.593333333333333428e+02 0.000000000000000000e+00 0.000000000000000000e+00 0.000000000000000000e+00 0.000000000000000000e+00 0.000000000000000000e+00 0.000000000000000000e+00 0.000000000000000000e+00 1.528260869565217384e+01 5.858151260504201474e+01
0.000000000000000000e+00 0.000000000000000000e+00 0.000000000000000000e+00 7.259944751381213734e+01 1.555189573459715575e+02 1.096136363636363455e+02 1.705357142857142776e+02 0.000000000000000000e+00 0.000000000000000000e+00 7.138888888888888573e+01 0.000000000000000000e+00 0.000000000000000000e+00 0.000000000000000000e+00 0.000000000000000000e+00 3.483687943262411579e+01 8.966555183946487873e+00 2.094759825327511393e+01 3.127906976744185030e+01 4.047037037037036811e+01 2.656920415224913157e+01 4.690625000000000000e+01 3.381081081081080697e+01 6.924133504492937163e+01 0.000000000000000000e+00 7.099999999999994316e+01 1.048000000000000256e+02 7.465517241379313873e+01 0.000000000000000000e+00 6.211615044247787409e+01 7.731578947368420529e+01 0.000000000000000000e+00 0.000000000000000000e+00 0.000000000000000000e+00 0.000000000000000000e+00 1.300000000000000000e+02 0.000000000000000000e+00 0.000000000000000000e+00 1.159999999999999858e+02 5.683297758804699384e+01 6.492343750000000568e+01 0.000000000000000000e+00 0.000000000000000000e+00 0.000000000000000000e+00 7.834382566585956909e+01 0.000000000000000000e+00 6.538114754098360493e+01 0.000000000000000000e+00 0.000000000000000000e+00 0.000000000000000000e+00 0.000000000000000000e+00 7.310317460317459393e+01 0.000000000000000000e+00 7.198863636363634555e+01 8.517117117117115299e+01 0.000000000000000000e+00 6.655555555555555713e+01 4.400000000000000000e+01 7.837209302325578619e+01 8.627272727272726627e+01 1.434999999999999147e+02 1.429999999999999716e+02 9.887500000000000000e+01 0.000000000000000000e+00 0.000000000000000000e+00 0.000000000000000000e+00 1.829999999999999432e+02 0.000000000000000000e+00 0.000000000000000000e+00 0.000000000000000000e+00 9.056944444444444287e+01
0.000000000000000000e+00 0.000000000000000000e+00 0.000000000000000000e+00 5.621875000000000000e+01 0.000000000000000000e+00 1.040624999999999716e+02 0.000000000000000000e+00 0.000000000000000000e+00 0.000000000000000000e+00 0.000000000000000000e+00 0.000000000000000000e+00 0.000000000000000000e+00 0.000000000000000000e+00 0.000000000000000000e+00 2.037444933920704671e+01 2.094759825327511393e+01 1.982136279926335121e+01 3.102272727272725561e+01 3.524157303370786565e+01 0.000000000000000000e+00 0.000000000000000000e+00 3.199444444444445423e+01 5.883799784714747005e+01 7.375000000000000000e+01 0.000000000000000000e+00 9.949999999999992895e+01 7.999999999999980105e+01 0.000000000000000000e+00 5.253181818181818130e+01 1.127500000000000000e+02 0.000000000000000000e+00 0.000000000000000000e+00 0.000000000000000000e+00 0.000000000000000000e+00 0.000000000000000000e+00 0.000000000000000000e+00 0.000000000000000000e+00 0.000000000000000000e+00 8.117857142857143060e+01 0.000000000000000000e+00 0.000000000000000000e+00 0.000000000000000000e+00 0.000000000000000000e+00 0.000000000000000000e+00 0.000000000000000000e+00 0.000000000000000000e+00 5.100000000000007105e+01 0.000000000000000000e+00 1.076470588235293135e+01 0.000000000000000000e+00 7.225000000000000000e+01 0.000000000000000000e+00 0.000000000000000000e+00 0.000000000000000000e+00 0.000000000000000000e+00 0.000000000000000000e+00 0.000000000000000000e+00 0.000000000000000000e+00 0.000000000000000000e+00 0.000000000000000000e+00 0.000000000000000000e+00 0.000000000000000000e+00 0.000000000000000000e+00 0.000000000000000000e+00 0.000000000000000000e+00 0.000000000000000000e+00 0.000000000000000000e+00 0.000000000000000000e+00 0.000000000000000000e+00 0.000000000000000000e+00
0.000000000000000000e+00 0.000000000000000000e+00 0.000000000000000000e+00 1.128888888888888857e+02 2.433333333333333925e+01 0.000000000000000000e+00 0.000000000000000000e+00 0.000000000000000000e+00 0.000000000000000000e+00 0.000000000000000000e+00 0.000000000000000000e+00 0.000000000000000000e+00 0.000000000000000000e+00 0.000000000000000000e+00 2.517857142857143415e+01 3.127906976744185030e+01 3.102272727272725561e+01 1.635094850948509659e+01 8.926724137931035585e+00 1.933333333333331794e+01 1.633333333333333215e+01 1.051470588235294024e+01 5.741216216216216139e+01 2.553333333333332078e+01 5.708190224570673621e+01 9.949999999999992895e+01 0.000000000000000000e+00 0.000000000000000000e+00 5.448115183246073201e+01 4.287209302325581461e+01 0.000000000000000000e+00 0.000000000000000000e+00 0.000000000000000000e+00 0.000000000000000000e+00 1.119583333333333286e+02 0.000000000000000000e+00 0.000000000000000000e+00 1.100909090909090509e+02 5.812128146453095212e+01 6.721551724137931672e+01 0.000000000000000000e+00 0.000000000000000000e+00 0.000000000000000000e+00 8.560446009389671929e+01 0.000000000000000000e+00 0.000000000000000000e+00 4.474999999999997158e+01 0.000000000000000000e+00 2.027948717948718027e+01 0.000000000000000000e+00 6.474999999999997158e+01 0.000000000000000000e+00 8.212500000000001421e+01 1.801666666666667140e+02 9.000000000000003553e+00 3.699999999999999289e+01 0.000000000000000000e+00 0.000000000000000000e+00 1.614999999999999432e+02 1.000000000000000568e+02 0.000000000000000000e+00 0.000000000000000000e+00 0.000000000000000000e+00 0.000000000000000000e+00 0.000000000000000000e+00 0.000000000000000000e+00 0.000000000000000000e+00 0.000000000000000000e+00 0.000000000000000000e+00 9.200000000000008527e+01
0.000000000000000000e+00 0.000000000000000000e+00 0.000000000000000000e+00 8.470833333333332860e+01 1.282352941176470722e+02 1.099642857142857082e+02 1.829999999999999147e+02 1.147826086956521578e+02 0.000000000000000000e+00 1.609999999999999432e+02 0.000000000000000000e+00 0.000000000000000000e+00 0.000000000000000000e+00 0.000000000000000000e+00 4.620851063829786654e+01 4.047037037037036811e+01 3.524157303370786565e+01 8.926724137931035585e+00 1.862015503875969458e+01 8.874999999999989342e+00 9.809523809523811977e+00 9.899999999999986144e+00 8.053508771929824661e+01 1.609999999999999716e+02 6.197158403869407550e+01 1.039000000000000057e+02 0.000000000000000000e+00 0.000000000000000000e+00 6.358085664335664688e+01 5.303169014084507182e+01 0.000000000000000000e+00 0.000000000000000000e+00 1.131666666666666856e+02 0.000000000000000000e+00 1.006666666666666146e+02 0.000000000000000000e+00 0.000000000000000000e+00 1.077500000000000284e+02 6.467957746478877823e+01 6.905172413793103203e+01 0.000000000000000000e+00 0.000000000000000000e+00 0.000000000000000000e+00 9.988427947598252388e+01 0.000000000000000000e+00 1.098235294117647385e+02 0.000000000000000000e+00 0.000000000000000000e+00 0.000000000000000000e+00 0.000000000000000000e+00 6.016666666666662877e+01 0.000000000000000000e+00 7.634090909090910770e+01 1.819615384615384244e+02 0.000000000000000000e+00 4.175000000000000000e+01 0.000000000000000000e+00 1.376999999999999886e+02 2.051249999999999716e+02 1.322999999999999829e+02 1.349452554744525514e+02 1.078928571428571814e+02 0.000000000000000000e+00 0.000000000000000000e+00 0.000000000000000000e+00 1.661666666666666288e+02 0.000000000000000000e+00 0.000000000000000000e+00 0.000000000000000000e+00 1.236875000000000000e+02
0.000000000000000000e+00 0.000000000000000000e+00 0.000000000000000000e+00 0.000000000000000000e+00 0.000000000000000000e+00 0.000000000000000000e+00 0.000000000000000000e+00 0.000000000000000000e+00 0.000000000000000000e+00 0.000000000000000000e+00 0.000000000000000000e+00 0.000000000000000000e+00 0.000000000000000000e+00 0.000000000000000000e+00 2.673200000000000287e+01 2.656920415224913157e+01 0.000000000000000000e+00 1.933333333333331794e+01 8.874999999999989342e+00 1.710025706940874102e+01 1.750196078431372726e+01 0.000000000000000000e+00 0.000000000000000000e+00 0.000000000000000000e+00 0.000000000000000000e+00 0.000000000000000000e+00 0.000000000000000000e+00 0.000000000000000000e+00 0.000000000000000000e+00 5.742721518987341511e+01 0.000000000000000000e+00 0.000000000000000000e+00 0.000000000000000000e+00 0.000000000000000000e+00 0.000000000000000000e+00 0.000000000000000000e+00 0.000000000000000000e+00 0.000000000000000000e+00 0.000000000000000000e+00 0.000000000000000000e+00 0.000000000000000000e+00 0.000000000000000000e+00 0.000000000000000000e+00 1.082500000000000142e+02 0.000000000000000000e+00 6.451829268292684105e+01 0.000000000000000000e+00 0.000000000000000000e+00 0.000000000000000000e+00 0.000000000000000000e+00 0.000000000000000000e+00 2.332142857142855519e+01 1.478571428571429358e+01 9.694444444444447129e+01 0.000000000000000000e+00 2.023756218905472792e+01 1.549736842105262902e+01 2.814429530201341123e+01 4.981034482758620641e+01 0.000000000000000000e+00 1.391666666666667140e+02 8.998837209302324425e+01 0.000000000000000000e+00 0.000000000000000000e+00 0.000000000000000000e+00 0.000000000000000000e+00 0.000000000000000000e+00 0.000000000000000000e+00 0.000000000000000000e+00 0.000000000000000000e+00
0.000000000000000000e+00 0.000000000000000000e+00 0.000000000000000000e+00 0.000000000000000000e+00 0.000000000000000000e+00 0.000000000000000000e+00 0.000000000000000000e+00 0.000000000000000000e+00 0.000000000000000000e+00 0.000000000000000000e+00 0.000000000000000000e+00 0.000000000000000000e+00 0.000000000000000000e+00 0.000000000000000000e+00 0.000000000000000000e+00 4.690625000000000000e+01 0.000000000000000000e+00 1.633333333333333215e+01 9.809523809523811977e+00 1.750196078431372726e+01 6.967741935483866556e+00 2.709999999999998721e+01 0.000000000000000000e+00 1.395000000000000284e+01 0.000000000000000000e+00 0.000000000000000000e+00 0.000000000000000000e+00 0.000000000000000000e+00 0.000000000000000000e+00 1.061111111111111072e+01 0.000000000000000000e+00 0.000000000000000000e+00 0.000000000000000000e+00 0.000000000000000000e+00 0.000000000000000000e+00 0.000000000000000000e+00 0.000000000000000000e+00 0.000000000000000000e+00 0.000000000000000000e+00 0.000000000000000000e+00 0.000000000000000000e+00 0.000000000000000000e+00 0.000000000000000000e+00 1.000000000000000284e+02 0.000000000000000000e+00 0.000000000000000000e+00 0.000000000000000000e+00 0.000000000000000000e+00 0.000000000000000000e+00 0.000000000000000000e+00 0.000000000000000000e+00 0.000000000000000000e+00 0.000000000000000000e+00 0.000000000000000000e+00 0.000000000000000000e+00 1.219811320754716633e+01 0.000000000000000000e+00 0.000000000000000000e+00 0.000000000000000000e+00 0.000000000000000000e+00 0.000000000000000000e+00 0.000000000000000000e+00 0.000000000000000000e+00 0.000000000000000000e+00 0.000000000000000000e+00 0.000000000000000000e+00 0.000000000000000000e+00 0.000000000000000000e+00 0.000000000000000000e+00 0.000000000000000000e+00
0.000000000000000000e+00 0.000000000000000000e+00 0.000000000000000000e+00 0.000000000000000000e+00 1.737499999999998934e+01 0.000000000000000000e+00 0.000000000000000000e+00 0.000000000000000000e+00 0.000000000000000000e+00 0.000000000000000000e+00 0.000000000000000000e+00 0.000000000000000000e+00 0.000000000000000000e+00 0.000000000000000000e+00 1.701886792452830477e+01 3.381081081081080697e+01 3.199444444444445423e+01 1.051470588235294024e+01 9.899999999999986144e+00 0.000000000000000000e+00 2.709999999999998721e+01 7.949152542372873498e+00 4.554000000000000625e+01 0.000000000000000000e+00 0.000000000000000000e+00 0.000000000000000000e+00 0.000000000000000000e+00 0.000000000000000000e+00 0.000000000000000000e+00 6.649122807017543835e+01 0.000000000000000000e+00 0.000000000000000000e+00 0.000000000000000000e+00 0.000000000000000000e+00 0.000000000000000000e+00 0.000000000000000000e+00 0.000000000000000000e+00 0.000000000000000000e+00 1.314999999999999716e+02 0.000000000000000000e+00 0.000000000000000000e+00 0.000000000000000000e+00 0.000000000000000000e+00 0.000000000000000000e+00 0.000000000000000000e+00 0.000000000000000000e+00 2.700000000000000000e+01 0.000000000000000000e+00 7.093457943925238318e+00 0.000000000000000000e+00 0.000000000000000000e+00 0.000000000000000000e+00 0.000000000000000000e+00 0.000000000000000000e+00 3.500000000000004885e+00 5.053999999999999204e+01 0.000000000000000000e+00 0.000000000000000000e+00 0.000000000000000000e+00 0.000000000000000000e+00 0.000000000000000000e+00 0.000000000000000000e+00 0.000000000000000000e+00 0.000000000000000000e+00 0.000000000000000000e+00 0.000000000000000000e+00 0.000000000000000000e+00 0.000000000000000000e+00 0.000000000000000000e+00 0.000000000000000000e+00
