0.000000000000000000e+00 0.000000000000000000e+00 0.000000000000000000e+00 0.000000000000000000e+00 0.000000000000000000e+00 0.000000000000000000e+00 0.000000000000000000e+00 0.000000000000000000e+00 0.000000000000000000e+00 0.000000000000000000e+00 0.000000000000000000e+00 0.000000000000000000e+00 0.000000000000000000e+00 0.000000000000000000e+00 0.000000000000000000e+00 0.000000000000000000e+00 0.000000000000000000e+00 0.000000000000000000e+00 0.000000000000000000e+00 0.000000000000000000e+00 0.000000000000000000e+00 0.000000000000000000e+00 0.000000000000000000e+00 0.000000000000000000e+00 0.000000000000000000e+00 0.000000000000000000e+00 0.000000000000000000e+00 0.000000000000000000e+00 0.000000000000000000e+00 0.000000000000000000e+00 0.000000000000000000e+00 0.000000000000000000e+00 0.000000000000000000e+00 0.000000000000000000e+00 0.000000000000000000e+00 0.000000000000000000e+00 0.000000000000000000e+00 0.000000000000000000e+00 0.000000000000000000e+00 0.000000000000000000e+00 0.000000000000000000e+00 0.000000000000000000e+00 0.000000000000000000e+00 0.000000000000000000e+00 0.000000000000000000e+00 0.000000000000000000e+00 0.000000000000000000e+00 0.000000000000000000e+00 0.000000000000000000e+00 0.000000000000000000e+00 0.000000000000000000e+00 0.000000000000000000e+00 0.000000000000000000e+00 0.000000000000000000e+00 0.000000000000000000e+00 0.000000000000000000e+00 0.000000000000000000e+00 0.000000000000000000e+00 0.000000000000000000e+00 0.000000000000000000e+00 0.000000000000000000e+00 0.000000000000000000e+00 0.000000000000000000e+00 0.000000000000000000e+00 0.000000000000000000e+00 0.000000000000000000e+00 0.000000000000000000e+00 0.000000000000000000e+00 0.000000000000000000e+00 0.000000000000000000e+00
0.000000000000000000e+00 0.000000000000000000e+00 0.000000000000000000e+00 0.000000000000000000e+00 0.000000000000000000e+00 0.000000000000000000e+00 0.000000000000000000e+00 0.000000000000000000e+00 0.000000000000000000e+00 0.000000000000000000e+00 0.000000000000000000e+00 0.000000000000000000e+00 0.000000000000000000e+00 0.000000000000000000e+00 0.000000000000000000e+00 0.000000000000000000e+00 0.000000000000000000e+00 0.000000000000000000e+00 0.000000000000000000e+00 0.000000000000000000e+00 0.000000000000000000e+00 0.000000000000000000e+00 0.000000000000000000e+00 0.000000000000000000e+00 0.000000000000000000e+00 0.000000000000000000e+00 0.000000000000000000e+00 0.000000000000000000e+00 0.000000000000000000e+00 0.000000000000000000e+00 0.000000000000000000e+00 0.000000000000000000e+00 0.000000000000000000e+00 0.000000000000000000e+00 0.000000000000000000e+00 0.000000000000000000e+00 0.000000000000000000e+00 0.000000000000000000e+00 0.000000000000000000e+00 0.000000000000000000e+00 0.000000000000000000e+00 0.000000000000000000e+00 0.000000000000000000e+00 0.000000000000000000e+00 0.000000000000000000e+00 0.000000000000000000e+00 0.000000000000000000e+00 0.000000000000000000e+00 0.000000000000000000e+00 0.000000000000000000e+00 0.000000000000000000e+00 0.000000000000000000e+00 0.000000000000000000e+00 0.000000000000000000e+00 0.000000000000000000e+00 0.000000000000000000e+00 0.000000000000000000e+00 0.000000000000000000e+00 0.000000000000000000e+00 0.000000000000000000e+00 0.000000000000000000e+00 0.000000000000000000e+00 0.000000000000000000e+00 0.000000000000000000e+00 0.000000000000000000e+00 0.000000000000000000e+00 0.000000000000000000e+00 0.000000000000000000e+00 0.000000000000000000e+00 0.000000000000000000e+00
0.000000000000000000e+00 0.000000000000000000e+00 0.000000000000000000e+00 0.000000000000000000e+00 0.000000000000000000e+00 0.000000000000000000e+00 0.000000000000000000e+00 0.000000000000000000e+00 0.000000000000000000e+00 0.000000000000000000e+00 0.000000000000000000e+00 0.000000000000000000e+00 0.000000000000000000e+00 0.000000000000000000e+00 0.000000000000000000e+00 0.000000000000000000e+00 0.000000000000000000e+00 0.000000000000000000e+00 0.000000000000000000e+00 0.000000000000000000e+00 0.000000000000000000e+00 0.000000000000000000e+00 0.000000000000000000e+00 0.000000000000000000e+00 0.000000000000000000e+00 0.000000000000000000e+00 0.000000000000000000e+00 0.000000000000000000e+00 0.000000000000000000e+00 0.000000000000000000e+00 0.000000000000000000e+00 0.000000000000000000e+00 0.000000000000000000e+00 0.000000000000000000e+00 0.000000000000000000e+00 0.000000000000000000e+00 0.000000000000000000e+00 0.000000000000000000e+00 0.000000000000000000e+00 0.000000000000000000e+00 0.000000000000000000e+00 0.000000000000000000e+00 0.000000000000000000e+00 0.000000000000000000e+00 0.000000000000000000e+00 0.000000000000000000e+00 0.000000000000000000e+00 0.000000000000000000e+00 0.000000000000000000e+00 0.000000000000000000e+00 0.000000000000000000e+00 0.000000000000000000e+00 0.000000000000000000e+00 0.000000000000000000e+00 0.000000000000000000e+00 0.000000000000000000e+00 0.000000000000000000e+00 0.000000000000000000e+00 0.000000000000000000e+00 0.000000000000000000e+00 0.000000000000000000e+00 0.000000000000000000e+00 0.000000000000000000e+00 0.000000000000000000e+00 0.000000000000000000e+00 0.000000000000000000e+00 0.000000000000000000e+00 0.000000000000000000e+00 0.000000000000000000e+00 0.000000000000000000e+00
0.000000000000000000e+00 0.000000000000000000e+00 0.000000000000000000e+00 2.017552887364207947e+01 3.096774193548387188e+01 1.824069767441859824e+01 4.756122448979591155e+01 3.212499999999999289e+01 0.000000000000000000e+00 2.855000000000000782e+01 0.000000000000000000e+00 9.414285714285718143e+00 0.000000000000000000e+00 0.000000000000000000e+00 4.166298342541436739e+01 5.444176706827309431e+01 7.973039215686272030e+01 0.000000000000000000e+00 1.550000000000001137e+02 6.794999999999998863e+01 0.000000000000000000e+00 0.000000000000000000e+00 7.398874598070739239e+01 1.099999999999998010e+02 6.018085106382978466e+01 0.000000000000000000e+00 1.931363636363636260e+02 0.000000000000000000e+00 7.960386473429954890e+01 9.147619047619048160e+01 1.502500000000000000e+02 0.000000000000000000e+00 8.605045871559633497e+01 1.435000000000000568e+02 0.000000000000000000e+00 9.133333333333332860e+01 1.350461538461538566e+02 0.000000000000000000e+00 9.138888888888882889e+01 0.000000000000000000e+00 0.000000000000000000e+00 0.000000000000000000e+00 0.000000000000000000e+00 0.000000000000000000e+00 0.000000000000000000e+00 5.108171206225681260e+01 4.697999999999998266e+01 6.703623188405799738e+01 3.959999999999998721e+01 0.000000000000000000e+00 0.000000000000000000e+00 3.870000000000000284e+01 6.964285714285716189e+00 3.425320512820513130e+01 1.188942307692307452e+02 7.989999999999997726e+01 5.209090909090909349e+01 5.874175824175825511e+01 8.395030120481928293e+01 8.801428571428571956e+01 0.000000000000000000e+00 0.000000000000000000e+00 0.000000000000000000e+00 0.000000000000000000e+00 0.000000000000000000e+00 0.000000000000000000e+00 0.000000000000000000e+00 0.000000000000000000e+00 0.000000000000000000e+00 5.751119402985075624e+01
0.000000000000000000e+00 0.000000000000000000e+00 0.000000000000000000e+00 3.096774193548387188e+01 1.836734693877550839e+01 1.640808823529411598e+01 3.763157894736840348e+01 1.927659574468085424e+01 0.000000000000000000e+00 2.086216730038023215e+01 3.150000000000002842e+01 1.846478873239436780e+01 0.000000000000000000e+00 0.000000000000000000e+00 8.064099783080261830e+01 1.014200412690224340e+02 8.672000000000004150e+01 0.000000000000000000e+00 1.348333333333333428e+02 1.247282608695652328e+02 0.000000000000000000e+00 7.512500000000002842e+01 8.177876106194690919e+01 9.599999999999988631e+01 1.020227987421384057e+02 1.058798449612402948e+02 8.050000000000011369e+01 0.000000000000000000e+00 6.614705882352942012e+01 5.748690476190476062e+01 0.000000000000000000e+00 0.000000000000000000e+00 6.552777777777775725e+01 0.000000000000000000e+00 0.000000000000000000e+00 6.473214285714287541e+01 7.600000000000002842e+01 0.000000000000000000e+00 6.528880157170922871e+01 1.172331460674157313e+02 0.000000000000000000e+00 0.000000000000000000e+00 0.000000000000000000e+00 0.000000000000000000e+00 0.000000000000000000e+00 1.085628415300546408e+02 0.000000000000000000e+00 1.057078651685393709e+02 0.000000000000000000e+00 0.000000000000000000e+00 0.000000000000000000e+00 5.412467532467534426e+01 0.000000000000000000e+00 0.000000000000000000e+00 1.000384615384615046e+02 7.818181818181815856e+01 6.066666666666665719e+01 0.000000000000000000e+00 6.419575856443719886e+01 4.881818181818181301e+01 0.000000000000000000e+00 1.510000000000001137e+02 0.000000000000000000e+00 0.000000000000000000e+00 0.000000000000000000e+00 0.000000000000000000e+00 0.000000000000000000e+00 0.000000000000000000e+00 0.000000000000000000e+00 9.254545454545454675e+01
0.000000000000000000e+00 0.000000000000000000e+00 0.000000000000000000e+00 1.824069767441859824e+01 1.640808823529411598e+01 1.263663663663663073e+01 8.741935483870969747e+00 9.795081967213116414e+00 0.000000000000000000e+00 0.000000000000000000e+00 0.000000000000000000e+00 9.388888888888883955e+00 0.000000000000000000e+00 0.000000000000000000e+00 5.930555555555555713e+01 1.004777777777777743e+02 1.038163265306122582e+02 0.000000000000000000e+00 0.000000000000000000e+00 0.000000000000000000e+00 0.000000000000000000e+00 1.675000000000000711e+01 4.912018140589569271e+01 1.309999999999999716e+02 9.500000000000008527e+01 0.000000000000000000e+00 0.000000000000000000e+00 0.000000000000000000e+00 6.606249999999997158e+01 0.000000000000000000e+00 0.000000000000000000e+00 0.000000000000000000e+00 0.000000000000000000e+00 0.000000000000000000e+00 0.000000000000000000e+00 1.115000000000000426e+02 0.000000000000000000e+00 0.000000000000000000e+00 1.218181818181817988e+02 0.000000000000000000e+00 0.000000000000000000e+00 0.000000000000000000e+00 0.000000000000000000e+00 0.000000000000000000e+00 0.000000000000000000e+00 0.000000000000000000e+00 5.289285714285712459e+01 0.000000000000000000e+00 1.094444444444445885e+01 0.000000000000000000e+00 0.000000000000000000e+00 0.000000000000000000e+00 0.000000000000000000e+00 0.000000000000000000e+00 2.707142857142856585e+01 0.000000000000000000e+00 0.000000000000000000e+00 0.000000000000000000e+00 0.000000000000000000e+00 0.000000000000000000e+00 0.000000000000000000e+00 0.000000000000000000e+00 0.000000000000000000e+00 0.000000000000000000e+00 0.000000000000000000e+00 0.000000000000000000e+00 0.000000000000000000e+00 0.000000000000000000e+00 0.000000000000000000e+00 0.000000000000000000e+00
0.000000000000000000e+00 0.000000000000000000e+00 0.000000000000000000e+00 4.756122448979591155e+01 3.763157894736840348e+01 8.741935483870969747e+00 9.318559556786704334e+00 8.336820083682006555e+00 0.000000000000000000e+00 0.000000000000000000e+00 0.000000000000000000e+00 1.826562500000000355e+01 0.000000000000000000e+00 0.000000000000000000e+00 5.749999999999992184e+01 1.370501222493887497e+02 0.000000000000000000e+00 6.866666666666668561e+01 0.000000000000000000e+00 0.000000000000000000e+00 0.000000000000000000e+00 0.000000000000000000e+00 6.287815126050422521e+01 2.228828828828830311e+01 6.098638911128902862e+01 8.800000000000005684e+01 7.449999999999994316e+01 7.097413793103451951e+01 5.863456090651558128e+01 4.473529411764706509e+01 0.000000000000000000e+00 0.000000000000000000e+00 5.575000000000007105e+01 8.387499999999997158e+01 0.000000000000000000e+00 4.492857142857138797e+01 1.980000000000000000e+02 0.000000000000000000e+00 5.425404732254047246e+01 6.360126582278483198e+01 0.000000000000000000e+00 0.000000000000000000e+00 0.000000000000000000e+00 7.066666666666672825e+01 0.000000000000000000e+00 1.168181818181818130e+02 6.492499999999998295e+01 1.085000000000001279e+02 3.020000000000001350e+01 0.000000000000000000e+00 7.634999999999996589e+01 6.484375000000004263e+01 6.800000000000000000e+01 0.000000000000000000e+00 6.211904761904758487e+01 0.000000000000000000e+00 0.000000000000000000e+00 2.230000000000000000e+02 4.446296296296296191e+01 0.000000000000000000e+00 0.000000000000000000e+00 0.000000000000000000e+00 5.933783783783784571e+01 5.452650176678444893e+01 4.161111111111112137e+01 0.000000000000000000e+00 0.000000000000000000e+00 0.000000000000000000e+00 0.000000000000000000e+00 9.778571428571429180e+01
0.000000000000000000e+00 0.000000000000000000e+00 0.000000000000000000e+00 3.212499999999999289e+01 1.927659574468085424e+01 9.795081967213116414e+00 8.336820083682006555e+00 9.203125000000000000e+00 0.000000000000000000e+00 0.000000000000000000e+00 1.550000000000000000e+01 1.441772151898734400e+01 0.000000000000000000e+00 0.000000000000000000e+00 2.036666666666667425e+02 1.340635838150288919e+02 0.000000000000000000e+00 0.000000000000000000e+00 0.000000000000000000e+00 0.000000000000000000e+00 0.000000000000000000e+00 0.000000000000000000e+00 6.036893203883496994e+01 0.000000000000000000e+00 7.037037037037036669e+01 0.000000000000000000e+00 0.000000000000000000e+00 0.000000000000000000e+00 6.551458333333334849e+01 4.558928571428571530e+01 0.000000000000000000e+00 0.000000000000000000e+00 0.000000000000000000e+00 0.000000000000000000e+00 0.000000000000000000e+00 5.025000000000001421e+01 0.000000000000000000e+00 0.000000000000000000e+00 6.111240310077521087e+01 0.000000000000000000e+00 0.000000000000000000e+00 0.000000000000000000e+00 0.000000000000000000e+00 0.000000000000000000e+00 0.000000000000000000e+00 1.065000000000000000e+02 0.000000000000000000e+00 1.142999999999999829e+02 0.000000000000000000e+00 0.000000000000000000e+00 6.499999999999994316e+01 6.672307692307691696e+01 7.500000000000002842e+01 0.000000000000000000e+00 0.000000000000000000e+00 0.000000000000000000e+00 0.000000000000000000e+00 0.000000000000000000e+00 4.440000000000001990e+01 0.000000000000000000e+00 0.000000000000000000e+00 0.000000000000000000e+00 0.000000000000000000e+00 0.000000000000000000e+00 0.000000000000000000e+00 0.000000000000000000e+00 0.000000000000000000e+00 0.000000000000000000e+00 0.000000000000000000e+00 0.000000000000000000e+00
0.000000000000000000e+00 0.000000000000000000e+00 0.000000000000000000e+00 0.000000000000000000e+00 0.000000000000000000e+00 0.000000000000000000e+00 0.000000000000000000e+00 0.000000000000000000e+00 0.000000000000000000e+00 0.000000000000000000e+00 0.000000000000000000e+00 0.000000000000000000e+00 0.000000000000000000e+00 0.000000000000000000e+00 0.000000000000000000e+00 0.000000000000000000e+00 0.000000000000000000e+00 0.000000000000000000e+00 0.000000000000000000e+00 0.000000000000000000e+00 0.000000000000000000e+00 0.000000000000000000e+00 0.000000000000000000e+00 0.000000000000000000e+00 0.000000000000000000e+00 0.000000000000000000e+00 0.000000000000000000e+00 0.000000000000000000e+00 0.000000000000000000e+00 0.000000000000000000e+00 0.000000000000000000e+00 0.000000000000000000e+00 0.000000000000000000e+00 0.000000000000000000e+00 0.000000000000000000e+00 0.000000000000000000e+00 0.000000000000000000e+00 0.000000000000000000e+00 0.000000000000000000e+00 0.000000000000000000e+00 0.000000000000000000e+00 0.000000000000000000e+00 0.000000000000000000e+00 0.000000000000000000e+00 0.000000000000000000e+00 0.000000000000000000e+00 0.000000000000000000e+00 0.000000000000000000e+00 0.000000000000000000e+00 0.000000000000000000e+00 0.000000000000000000e+00 0.000000000000000000e+00 0.000000000000000000e+00 0.000000000000000000e+00 0.000000000000000000e+00 0.000000000000000000e+00 0.000000000000000000e+00 0.000000000000000000e+00 0.000000000000000000e+00 0.000000000000000000e+00 0.000000000000000000e+00 0.000000000000000000e+00 0.000000000000000000e+00 0.000000000000000000e+00 0.000000000000000000e+00 0.000000000000000000e+00 0.000000000000000000e+00 0.000000000000000000e+00 0.000000000000000000e+00 0.000000000000000000e+00
0.000000000000000000e+00 0.000000000000000000e+00 0.000000000000000000e+00 2.855000000000000782e+01 2.086216730038023215e+01 0.000000000000000000e+00 0.000000000000000000e+00 0.000000000000000000e+00 0.000000000000000000e+00 1.302336448598131113e+01 1.190236686390532839e+01 0.000000000000000000e+00 0.000000000000000000e+00 0.000000000000000000e+00 1.762500000000000000e+02 4.390909090909090651e+01 0.000000000000000000e+00 0.000000000000000000e+00 0.000000000000000000e+00 5.016447368421052744e+01 0.000000000000000000e+00 0.000000000000000000e+00 0.000000000000000000e+00 0.000000000000000000e+00 0.000000000000000000e+00 0.000000000000000000e+00 0.000000000000000000e+00 0.000000000000000000e+00 0.000000000000000000e+00 2.075531914893617369e+01 0.000000000000000000e+00 0.000000000000000000e+00 0.000000000000000000e+00 0.000000000000000000e+00 0.000000000000000000e+00 3.512500000000004263e+01 0.000000000000000000e+00 0.000000000000000000e+00 0.000000000000000000e+00 0.000000000000000000e+00 0.000000000000000000e+00 0.000000000000000000e+00 0.000000000000000000e+00 7.494776119402985159e+01 0.000000000000000000e+00 9.849999999999997158e+01 0.000000000000000000e+00 0.000000000000000000e+00 0.000000000000000000e+00 0.000000000000000000e+00 0.000000000000000000e+00 4.416666666666666430e+01 5.349999999999997868e+01 6.392105263157893802e+01 0.000000000000000000e+00 1.785352760736196487e+01 1.632272727272726698e+01 8.158333333333335702e+01 3.199104477611940922e+01 1.098369565217391219e+01 0.000000000000000000e+00 0.000000000000000000e+00 0.000000000000000000e+00 0.000000000000000000e+00 0.000000000000000000e+00 0.000000000000000000e+00 0.000000000000000000e+00 0.000000000000000000e+00 0.000000000000000000e+00 0.000000000000000000e+00
0.000000000000000000e+00 0.000000000000000000e+00 0.000000000000000000e+00 0.000000000000000000e+00 3.150000000000002842e+01 0.000000000000000000e+00 0.000000000000000000e+00 1.550000000000000000e+01 0.000000000000000000e+00 1.190236686390532839e+01 9.022727272727275150e+00 0.000000000000000000e+00 0.000000000000000000e+00 0.000000000000000000e+00 0.000000000000000000e+00 1.607500000000000284e+02 0.000000000000000000e+00 0.000000000000000000e+00 0.000000000000000000e+00 0.000000000000000000e+00 0.000000000000000000e+00 0.000000000000000000e+00 0.000000000000000000e+00 0.000000000000000000e+00 0.000000000000000000e+00 0.000000000000000000e+00 0.000000000000000000e+00 0.000000000000000000e+00 0.000000000000000000e+00 1.624257425742574412e+01 0.000000000000000000e+00 0.000000000000000000e+00 0.000000000000000000e+00 0.000000000000000000e+00 0.000000000000000000e+00 0.000000000000000000e+00 0.000000000000000000e+00 0.000000000000000000e+00 0.000000000000000000e+00 0.000000000000000000e+00 0.000000000000000000e+00 0.000000000000000000e+00 0.000000000000000000e+00 0.000000000000000000e+00 0.000000000000000000e+00 0.000000000000000000e+00 0.000000000000000000e+00 0.000000000000000000e+00 4.050000000000002132e+01 0.000000000000000000e+00 0.000000000000000000e+00 0.000000000000000000e+00 0.000000000000000000e+00 0.000000000000000000e+00 0.000000000000000000e+00 1.512765957446808329e+01 0.000000000000000000e+00 0.000000000000000000e+00 2.319999999999999929e+01 0.000000000000000000e+00 0.000000000000000000e+00 0.000000000000000000e+00 0.000000000000000000e+00 0.000000000000000000e+00 0.000000000000000000e+00 0.000000000000000000e+00 0.000000000000000000e+00 0.000000000000000000e+00 0.000000000000000000e+00 0.000000000000000000e+00
0.000000000000000000e+00 0.000000000000000000e+00 0.000000000000000000e+00 9.414285714285718143e+00 1.846478873239436780e+01 9.388888888888883955e+00 1.826562500000000355e+01 1.441772151898734400e+01 0.000000000000000000e+00 0.000000000000000000e+00 0.000000000000000000e+00 5.147058823529414795e+00 0.000000000000000000e+00 0.000000000000000000e+00 1.493750000000000000e+01 2.010000000000000000e+02 2.162500000000000711e+01 0.000000000000000000e+00 0.000000000000000000e+00 0.000000000000000000e+00 0.000000000000000000e+00 1.636363636363634910e+01 5.616326530612246160e+01 3.006666666666666288e+01 0.000000000000000000e+00 0.000000000000000000e+00 0.000000000000000000e+00 0.000000000000000000e+00 0.000000000000000000e+00 6.686165048543689693e+01 0.000000000000000000e+00 0.000000000000000000e+00 6.250000000000002842e+01 0.000000000000000000e+00 0.000000000000000000e+00 7.299999999999998579e+01 0.000000000000000000e+00 0.000000000000000000e+00 0.000000000000000000e+00 0.000000000000000000e+00 0.000000000000000000e+00 0.000000000000000000e+00 0.000000000000000000e+00 0.000000000000000000e+00 0.000000000000000000e+00 0.000000000000000000e+00 4.868518518518518334e+01 0.000000000000000000e+00 2.043750000000000000e+01 0.000000000000000000e+00 0.000000000000000000e+00 0.000000000000000000e+00 0.000000000000000000e+00 0.000000000000000000e+00 1.897321428571429536e+01 0.000000000000000000e+00 0.000000000000000000e+00 0.000000000000000000e+00 5.493137254901960631e+01 0.000000000000000000e+00 0.000000000000000000e+00 0.000000000000000000e+00 0.000000000000000000e+00 0.000000000000000000e+00 0.000000000000000000e+00 0.000000000000000000e+00 0.000000000000000000e+00 0.000000000000000000e+00 0.000000000000000000e+00 0.000000000000000000e+00
0.000000000000000000e+00 0.000000000000000000e+00 0.000000000000000000e+00 0.000000000000000000e+00 0.000000000000000000e+00 0.000000000000000000e+00 0.000000000000000000e+00 0.000000000000000000e+00 0.000000000000000000e+00 0.000000000000000000e+00 0.000000000000000000e+00 0.000000000000000000e+00 0.000000000000000000e+00 0.000000000000000000e+00 0.000000000000000000e+00 0.000000000000000000e+00 0.000000000000000000e+00 0.000000000000000000e+00 0.000000000000000000e+00 0.000000000000000000e+00 0.000000000000000000e+00 0.000000000000000000e+00 0.000000000000000000e+00 0.000000000000000000e+00 0.000000000000000000e+00 0.000000000000000000e+00 0.000000000000000000e+00 0.000000000000000000e+00 0.000000000000000000e+00 0.000000000000000000e+00 0.000000000000000000e+00 0.000000000000000000e+00 0.000000000000000000e+00 0.000000000000000000e+00 0.000000000000000000e+00 0.000000000000000000e+00 0.000000000000000000e+00 0.000000000000000000e+00 0.000000000000000000e+00 0.000000000000000000e+00 0.000000000000000000e+00 0.000000000000000000e+00 0.000000000000000000e+00 0.000000000000000000e+00 0.000000000000000000e+00 0.000000000000000000e+00 0.000000000000000000e+00 0.000000000000000000e+00 0.000000000000000000e+00 0.000000000000000000e+00 0.000000000000000000e+00 0.000000000000000000e+00 0.000000000000000000e+00 0.000000000000000000e+00 0.000000000000000000e+00 0.000000000000000000e+00 0.000000000000000000e+00 0.000000000000000000e+00 0.000000000000000000e+00 0.000000000000000000e+00 0.000000000000000000e+00 0.000000000000000000e+00 0.000000000000000000e+00 0.000000000000000000e+00 0.000000000000000000e+00 0.000000000000000000e+00 0.000000000000000000e+00 0.000000000000000000e+00 0.000000000000000000e+00 0.000000000000000000e+00
0.000000000000000000e+00 0.000000000000000000e+00 0.000000000000000000e+00 0.000000000000000000e+00 0.000000000000000000e+00 0.000000000000000000e+00 0.000000000000000000e+00 0.000000000000000000e+00 0.000000000000000000e+00 0.000000000000000000e+00 0.000000000000000000e+00 0.000000000000000000e+00 0.000000000000000000e+00 0.000000000000000000e+00 0.000000000000000000e+00 0.000000000000000000e+00 0.000000000000000000e+00 0.000000000000000000e+00 0.000000000000000000e+00 0.000000000000000000e+00 0.000000000000000000e+00 0.000000000000000000e+00 0.000000000000000000e+00 0.000000000000000000e+00 0.000000000000000000e+00 0.000000000000000000e+00 0.000000000000000000e+00 0.000000000000000000e+00 0.000000000000000000e+00 0.000000000000000000e+00 0.000000000000000000e+00 0.000000000000000000e+00 0.000000000000000000e+00 0.000000000000000000e+00 0.000000000000000000e+00 0.000000000000000000e+00 0.000000000000000000e+00 0.000000000000000000e+00 0.000000000000000000e+00 0.000000000000000000e+00 0.000000000000000000e+00 0.000000000000000000e+00 0.000000000000000000e+00 0.000000000000000000e+00 0.000000000000000000e+00 0.000000000000000000e+00 0.000000000000000000e+00 0.000000000000000000e+00 0.000000000000000000e+00 0.000000000000000000e+00 0.000000000000000000e+00 0.000000000000000000e+00 0.000000000000000000e+00 0.000000000000000000e+00 0.000000000000000000e+00 0.000000000000000000e+00 0.000000000000000000e+00 0.000000000000000000e+00 0.000000000000000000e+00 0.000000000000000000e+00 0.000000000000000000e+00 0.000000000000000000e+00 0.000000000000000000e+00 0.000000000000000000e+00 0.000000000000000000e+00 0.000000000000000000e+00 0.000000000000000000e+00 0.000000000000000000e+00 0.000000000000000000e+00 0.000000000000000000e+00
0.000000000000000000e+00 0.000000000000000000e+00 0.000000000000000000e+00 4.166298342541436739e+01 8.064099783080261830e+01 5.930555555555555713e+01 5.749999999999992184e+01 2.036666666666667425e+02 0.000000000000000000e+00 1.762500000000000000e+02 0.000000000000000000e+00 1.493750000000000000e+01 0.000000000000000000e+00 0.000000000000000000e+00 1.744000000000000128e+01 2.779557291666666785e+01 1.449071207430340280e+01 2.443749999999998224e+01 9.350000000000000000e+01 4.684130434782609598e+01 4.712500000000002842e+01 2.174999999999997513e+01 1.913921052631579016e+02 0.000000000000000000e+00 5.849999999999994316e+01 0.000000000000000000e+00 0.000000000000000000e+00 0.000000000000000000e+00 1.025000000000000000e+02 9.453846153846153300e+01 2.201666666666666572e+02 0.000000000000000000e+00 1.749749999999999943e+02 1.154333333333333371e+02 0.000000000000000000e+00 1.863611111111111143e+02 1.417528735632184009e+02 0.000000000000000000e+00 0.000000000000000000e+00 0.000000000000000000e+00 0.000000000000000000e+00 0.000000000000000000e+00 0.000000000000000000e+00 1.085833333333333286e+02 1.407750000000000341e+02 7.698897058823528994e+01 4.211111111111110006e+01 0.000000000000000000e+00 1.121428571428568510e+01 0.000000000000000000e+00 0.000000000000000000e+00 0.000000000000000000e+00 3.214285714285714857e+00 1.065988235294117885e+02 2.565263157894736992e+02 1.639166666666666572e+02 1.302500000000000000e+02 7.142063492063493868e+01 1.832692307692307736e+02 1.650000000000000568e+02 0.000000000000000000e+00 1.388536585365854137e+02 0.000000000000000000e+00 0.000000000000000000e+00 0.000000000000000000e+00 0.000000000000000000e+00 0.000000000000000000e+00 0.000000000000000000e+00 0.000000000000000000e+00 9.853501945525292172e+01
0.000000000000000000e+00 0.000000000000000000e+00 0.000000000000000000e+00 5.444176706827309431e+01 1.014200412690224340e+02 1.004777777777777743e+02 1.370501222493887497e+02 1.340635838150288919e+02 0.000000000000000000e+00 4.390909090909090651e+01 1.607500000000000284e+02 2.010000000000000000e+02 0.000000000000000000e+00 0.000000000000000000e+00 2.779557291666666785e+01 2.927272727272727693e+01 2.233921161825726287e+01 5.587499999999997158e+01 1.662500000000000355e+01 2.114345637583891957e+01 3.724137931034483984e+01 1.480681818181817455e+01 1.600668036998972354e+02 1.499736842105263293e+02 2.255465116279069662e+02 6.372727272727269821e+01 2.199693877551020478e+02 2.132803030303030312e+02 9.452222222222222570e+01 1.416950000000000216e+02 1.691415094339622556e+02 1.491148648648648702e+02 1.607211538461538112e+02 1.667936170212765887e+02 1.400000000000001137e+02 1.643526785714285836e+02 1.682048114434330159e+02 1.406447368421053170e+02 7.487941787941791461e+01 7.302000000000006708e+01 0.000000000000000000e+00 0.000000000000000000e+00 0.000000000000000000e+00 9.036363636363638818e+01 9.698076923076926903e+01 1.299084507042253165e+02 2.364999999999999716e+02 6.049999999999998579e+01 2.060833333333333428e+02 0.000000000000000000e+00 2.305714285714285268e+02 6.128805774278215068e+01 6.865760869565221469e+01 8.096808510638302891e+01 2.134615384615384528e+02 8.146666666666666856e+01 6.660294117647059409e+01 1.089230769230769624e+02 9.925912408759124617e+01 7.950000000000002842e+01 0.000000000000000000e+00 1.186666666666667425e+02 2.070000000000000000e+02 1.987222222222221717e+02 0.000000000000000000e+00 1.418750000000000000e+02 0.000000000000000000e+00 0.000000000000000000e+00 0.000000000000000000e+00 9.089285714285716722e+01
0.000000000000000000e+00 0.000000000000000000e+00 0.000000000000000000e+00 7.973039215686272030e+01 8.672000000000004150e+01 1.038163265306122582e+02 0.000000000000000000e+00 0.000000000000000000e+00 0.000000000000000000e+00 0.000000000000000000e+00 0.000000000000000000e+00 2.162500000000000711e+01 0.000000000000000000e+00 0.000000000000000000e+00 1.449071207430340280e+01 2.233921161825726287e+01 1.196559633027522906e+01 5.986111111111110716e+00 1.179761904761904923e+01 0.000000000000000000e+00 0.000000000000000000e+00 4.928571428571429713e+00 4.010000000000000853e+01 9.600000000000001421e+01 0.000000000000000000e+00 3.075000000000000000e+01 0.000000000000000000e+00 0.000000000000000000e+00 9.042307692307690559e+01 0.000000000000000000e+00 0.000000000000000000e+00 0.000000000000000000e+00 0.000000000000000000e+00 0.000000000000000000e+00 0.000000000000000000e+00 0.000000000000000000e+00 0.000000000000000000e+00 0.000000000000000000e+00 9.576923076923077360e+01 0.000000000000000000e+00 0.000000000000000000e+00 0.000000000000000000e+00 0.000000000000000000e+00 0.000000000000000000e+00 0.000000000000000000e+00 0.000000000000000000e+00 2.675257731958762975e+01 6.250000000000000711e+01 1.195833333333334103e+01 0.000000000000000000e+00 0.000000000000000000e+00 0.000000000000000000e+00 0.000000000000000000e+00 0.000000000000000000e+00 0.000000000000000000e+00 0.000000000000000000e+00 0.000000000000000000e+00 0.000000000000000000e+00 1.929999999999999432e+02 0.000000000000000000e+00 0.000000000000000000e+00 0.000000000000000000e+00 0.000000000000000000e+00 0.000000000000000000e+00 0.000000000000000000e+00 0.000000000000000000e+00 0.000000000000000000e+00 0.000000000000000000e+00 0.000000000000000000e+00 0.000000000000000000e+00
0.000000000000000000e+00 0.000000000000000000e+00 0.000000000000000000e+00 0.000000000000000000e+00 0.000000000000000000e+00 0.000000000000000000e+00 6.866666666666668561e+01 0.000000000000000000e+00 0.000000000000000000e+00 0.000000000000000000e+00 0.000000000000000000e+00 0.000000000000000000e+00 0.000000000000000000e+00 0.000000000000000000e+00 2.443749999999998224e+01 5.587499999999997158e+01 5.986111111111110716e+00 1.460173160173160234e+01 9.624338624338621528e+00 0.000000000000000000e+00 0.000000000000000000e+00 2.708695652173912549e+01 4.730935569285082920e+01 1.038571428571427759e+02 5.691805555555555429e+01 4.349999999999998579e+01 4.379999999999997584e+01 0.000000000000000000e+00 6.148728043609935412e+01 7.100000000000002842e+01 0.000000000000000000e+00 0.000000000000000000e+00 4.815151515151514161e+01 9.725000000000007105e+01 8.306521739130434412e+01 0.000000000000000000e+00 4.240000000000000568e+01 0.000000000000000000e+00 6.605787037037038090e+01 7.350000000000014211e+01 0.000000000000000000e+00 0.000000000000000000e+00 8.592729970326409727e+01 7.565351629502575292e+01 1.218499999999999943e+02 1.105000000000000853e+02 3.215199999999998681e+01 0.000000000000000000e+00 3.931313131313130071e+01 0.000000000000000000e+00 0.000000000000000000e+00 2.179999999999997442e+02 0.000000000000000000e+00 8.873684210526320726e+01 1.401315789473684426e+01 0.000000000000000000e+00 0.000000000000000000e+00 1.225000000000000711e+02 0.000000000000000000e+00 0.000000000000000000e+00 0.000000000000000000e+00 1.234062500000000284e+02 0.000000000000000000e+00 6.412499999999997158e+01 4.394520547945205635e+01 0.000000000000000000e+00 0.000000000000000000e+00 4.187500000000000000e+01 0.000000000000000000e+00 1.263709677419354733e+02
0.000000000000000000e+00 0.000000000000000000e+00 0.000000000000000000e+00 1.550000000000001137e+02 1.348333333333333428e+02 0.000000000000000000e+00 0.000000000000000000e+00 0.000000000000000000e+00 0.000000000000000000e+00 0.000000000000000000e+00 0.000000000000000000e+00 0.000000000000000000e+00 0.000000000000000000e+00 0.000000000000000000e+00 9.350000000000000000e+01 1.662500000000000355e+01 1.179761904761904923e+01 9.624338624338621528e+00 1.242079207920791895e+01 5.500000000000000000e+01 8.111111111111108940e+00 1.138999999999998458e+01 5.858308605341244402e+01 1.114166666666666998e+02 6.330456026058632091e+01 4.749999999999994316e+01 4.549999999999987921e+01 0.000000000000000000e+00 6.945961538461538964e+01 0.000000000000000000e+00 0.000000000000000000e+00 0.000000000000000000e+00 0.000000000000000000e+00 0.000000000000000000e+00 0.000000000000000000e+00 0.000000000000000000e+00 4.849999999999998579e+01 0.000000000000000000e+00 6.944495412844038640e+01 7.710227272727279058e+01 0.000000000000000000e+00 0.000000000000000000e+00 0.000000000000000000e+00 7.964929577464795329e+01 1.175000000000000142e+02 1.597500000000000000e+02 4.766666666666662167e+01 7.116009852216748754e+01 0.000000000000000000e+00 0.000000000000000000e+00 0.000000000000000000e+00 0.000000000000000000e+00 0.000000000000000000e+00 9.214473684210531701e+01 0.000000000000000000e+00 0.000000000000000000e+00 0.000000000000000000e+00 1.127083333333333712e+02 0.000000000000000000e+00 0.000000000000000000e+00 0.000000000000000000e+00 1.144000000000000909e+02 0.000000000000000000e+00 0.000000000000000000e+00 4.864999999999999858e+01 0.000000000000000000e+00 0.000000000000000000e+00 0.000000000000000000e+00 0.000000000000000000e+00 1.067500000000000853e+02
0.000000000000000000e+00 0.000000000000000000e+00 0.000000000000000000e+00 6.794999999999998863e+01 1.247282608695652328e+02 0.000000000000000000e+00 0.000000000000000000e+00 0.000000000000000000e+00 0.000000000000000000e+00 5.016447368421052744e+01 0.000000000000000000e+00 0.000000000000000000e+00 0.000000000000000000e+00 0.000000000000000000e+00 4.684130434782609598e+01 2.114345637583891957e+01 0.000000000000000000e+00 0.000000000000000000e+00 5.500000000000000000e+01 1.171830985915493528e+01 1.195726495726495742e+01 7.173076923076921219e+01 2.508750000000000568e+02 0.000000000000000000e+00 0.000000000000000000e+00 0.000000000000000000e+00 0.000000000000000000e+00 0.000000000000000000e+00 0.000000000000000000e+00 4.850000000000001421e+01 0.000000000000000000e+00 0.000000000000000000e+00 1.906578947368421098e+02 2.024999999999999716e+02 0.000000000000000000e+00 1.930000000000000284e+02 7.096428571428570820e+01 0.000000000000000000e+00 0.000000000000000000e+00 0.000000000000000000e+00 0.000000000000000000e+00 0.000000000000000000e+00 0.000000000000000000e+00 0.000000000000000000e+00 0.000000000000000000e+00 8.368143459915611970e+01 0.000000000000000000e+00 0.000000000000000000e+00 0.000000000000000000e+00 0.000000000000000000e+00 0.000000000000000000e+00 1.775000000000001776e+01 0.000000000000000000e+00 9.564285714285715301e+01 0.000000000000000000e+00 1.545795107033639404e+01 1.960606060606060552e+01 6.952777777777777146e+01 3.654026845637584131e+01 1.703999999999999915e+01 0.000000000000000000e+00 0.000000000000000000e+00 0.000000000000000000e+00 0.000000000000000000e+00 0.000000000000000000e+00 0.000000000000000000e+00 0.000000000000000000e+00 0.000000000000000000e+00 0.000000000000000000e+00 1.069925925925925867e+02
0.000000000000000000e+00 0.000000000000000000e+00 0.000000000000000000e+00 0.000000000000000000e+00 0.000000000000000000e+00 0.000000000000000000e+00 0.000000000000000000e+00 0.000000000000000000e+00 0.000000000000000000e+00 0.000000000000000000e+00 0.000000000000000000e+00 0.000000000000000000e+00 0.000000000000000000e+00 0.000000000000000000e+00 4.712500000000002842e+01 3.724137931034483984e+01 0.000000000000000000e+00 0.000000000000000000e+00 8.111111111111108940e+00 1.195726495726495742e+01 5.112676056338027131e+00 2.549999999999996447e+01 0.000000000000000000e+00 0.000000000000000000e+00 0.000000000000000000e+00 0.000000000000000000e+00 0.000000000000000000e+00 0.000000000000000000e+00 0.000000000000000000e+00 2.330133928571427759e+01 0.000000000000000000e+00 0.000000000000000000e+00 0.000000000000000000e+00 0.000000000000000000e+00 0.000000000000000000e+00 0.000000000000000000e+00 3.600000000000000000e+01 0.000000000000000000e+00 0.000000000000000000e+00 0.000000000000000000e+00 0.000000000000000000e+00 0.000000000000000000e+00 0.000000000000000000e+00 0.000000000000000000e+00 0.000000000000000000e+00 0.000000000000000000e+00 0.000000000000000000e+00 0.000000000000000000e+00 0.000000000000000000e+00 0.000000000000000000e+00 0.000000000000000000e+00 0.000000000000000000e+00 0.000000000000000000e+00 0.000000000000000000e+00 2.650000000000000711e+01 1.202439024390243638e+01 0.000000000000000000e+00 0.000000000000000000e+00 2.394117647058823906e+01 0.000000000000000000e+00 0.000000000000000000e+00 0.000000000000000000e+00 0.000000000000000000e+00 0.000000000000000000e+00 0.000000000000000000e+00 0.000000000000000000e+00 0.000000000000000000e+00 0.000000000000000000e+00 0.000000000000000000e+00 1.010000000000000000e+02
0.000000000000000000e+00 0.000000000000000000e+00 0.000000000000000000e+00 0.000000000000000000e+00 7.512500000000002842e+01 1.675000000000000711e+01 0.000000000000000000e+00 0.000000000000000000e+00 0.000000000000000000e+00 0.000000000000000000e+00 0.000000000000000000e+00 1.636363636363634910e+01 0.000000000000000000e+00 0.000000000000000000e+00 2.174999999999997513e+01 1.480681818181817455e+01 4.928571428571429713e+00 2.708695652173912549e+01 1.138999999999998458e+01 7.173076923076921219e+01 2.549999999999996447e+01 8.714285714285692208e+00 4.678260869565218627e+01 0.000000000000000000e+00 0.000000000000000000e+00 0.000000000000000000e+00 0.000000000000000000e+00 0.000000000000000000e+00 0.000000000000000000e+00 7.852631578947364233e+01 0.000000000000000000e+00 0.000000000000000000e+00 5.251666666666665151e+01 9.461764705882352189e+01 0.000000000000000000e+00 7.308333333333332860e+01 6.074074074074072627e+01 0.000000000000000000e+00 0.000000000000000000e+00 0.000000000000000000e+00 0.000000000000000000e+00 0.000000000000000000e+00 0.000000000000000000e+00 1.175000000000000426e+02 1.256875000000000000e+02 1.263125000000000000e+02 3.124534161490683104e+01 0.000000000000000000e+00 1.164622641509433798e+01 0.000000000000000000e+00 0.000000000000000000e+00 0.000000000000000000e+00 0.000000000000000000e+00 0.000000000000000000e+00 7.119047619047617736e+00 1.860000000000000568e+02 0.000000000000000000e+00 1.282210526315789423e+02 1.088333333333333286e+02 1.385000000000000568e+02 0.000000000000000000e+00 1.281923076923076792e+02 0.000000000000000000e+00 0.000000000000000000e+00 0.000000000000000000e+00 0.000000000000000000e+00 0.000000000000000000e+00 0.000000000000000000e+00 0.000000000000000000e+00 1.487500000000000284e+02
